# scripturl01 :: http://climexp.knmi.nl/getindices.cgi?STATION=Tdebilt&TYPE=i&WMO=KNMIData/labrijn&id=$id
# Tair [Celsius] Surface air temperature at De Bilt
# based on Delft/Rijnsburg (1706-1734), Zwanenburg (1735-1800 & 1811-1848), Haarlem (1801-1810) and Utrecht (1849-1897) reduced to De Bilt'
# and De Bilt (1898-now, homogenised 1906-now).
# file :: labrijn_old.dat
# title :: labrijn_old.dat extended with temp_De_Bilt_hom.dat
# olderfile :: labrijn_01.dat
# references ::  A. Labrijn, Nicolaus Cruquius (1678-1754) and his meteorological observations. M&V 49, KNMI, 1945, A. van Engelen and H. Geurts, Het klimaat van het hoofdobservatorium De Bilt in de jaren 1901-1984. Klimatologische Dienst, publ. 150-25, KNMI, 1985.
# longitude :: 5.18 degrees_east
# latitude :: 52.10 degrees_north
# institution :: KNMI Climate Explorer and KNMI
# source_url :: http://projects.knmi.nl/klimatologie/daggegevens/antieke_wrn/index.html
# climexp_url :: https://climexp.knmi.nl/getindices.cgi?WMO=KNMIData/labrijn&STATION=Tdebilt&TYPE=i
# scale_factor ::     0.100000
# history :: user oldenbor 2020-10-19 16:15:54 patchseries labrijn_old.dat temp_De_Bilt_hom.dat\nuser oldenbor 2020-10-19 16:15:54 scaleseries 0.1 labrijn_01.dat\n
 1706  0.5000000       3.200000       5.500000       8.700000       14.60000       17.00000       17.40000       17.30000       14.00000       11.00000       4.400000       2.300000    
 1707  0.7000000       4.900000       4.700000       8.300000       12.00000       16.80000       18.10000       15.90000       14.90000       9.000000       6.500000       1.900000    
 1708   3.900000       3.100000       5.900000       9.500000       12.20000       14.60000       15.40000       18.50000       15.90000       9.200000       5.400000      0.4000000    
 1709  -5.100000     -0.3000000       1.100000       9.200000       11.60000       15.30000       16.10000       16.20000       14.50000       10.90000       7.800000       2.500000    
 1710  0.4000000       1.800000       5.600000       7.000000       13.30000       15.00000       15.20000       16.10000       14.70000       10.80000       7.000000       5.500000    
 1711   3.200000      0.6000000       5.000000       9.800000       12.70000       16.80000       16.00000       15.40000       14.20000       10.60000       6.000000       3.400000    
 1712 -0.1000000       3.600000       4.400000       8.800000       12.80000       16.20000       16.70000       16.00000       14.00000       10.90000       6.700000       2.700000    
 1713 -0.9000000       5.600000       4.300000       6.400000       11.60000       13.40000       15.00000       16.60000       14.90000       10.60000       5.200000       2.800000    
 1714   1.300000       4.400000       5.300000       9.000000       10.80000       14.40000       18.50000       16.10000       13.00000       11.00000       6.300000       2.700000    
 1715  0.2000000       4.200000       6.100000       10.70000       12.10000       14.50000       15.60000       14.80000       14.10000       11.80000       7.900000      -1.200000    
 1716  -5.700000       2.200000       3.900000       10.20000       11.80000       14.10000       16.40000       16.80000       13.40000       9.600000       5.200000       1.500000    
 1717   1.200000       1.400000       3.700000       8.200000       10.70000       15.20000       16.00000       16.50000       14.20000       10.00000       5.200000       3.800000    
 1718  -1.400000     -0.2000000       4.900000       9.400001       13.00000       16.00000       16.20000       20.20000       16.00000       10.20000       6.900000       3.700000    
 1719  0.5000000       3.100000       3.900000       6.700000       14.00000       17.70000       18.60000       18.30000       13.20000       9.400001       6.700000      0.8000000    
 1720   2.300000       3.500000       3.400000       7.900000       12.80000       12.50000       17.20000       15.70000       12.40000       9.400001       5.400000       3.900000    
 1721   3.000000      0.8000000       1.100000       10.00000       10.70000       15.20000       17.10000       17.70000       15.20000       9.900001       7.300000       2.200000    
 1722  0.3000000       4.500000       5.800000       9.600000       12.00000       15.00000       17.70000       16.70000       15.60000       11.50000       7.500000       3.700000    
 1723 -0.3000000       3.200000       6.700000       9.400001       12.90000       15.50000       15.40000       17.10000       14.80000       12.30000       8.400001       5.000000    
 1724   4.200000       4.200000       4.100000       7.800000       12.30000       16.60000       16.90000       18.10000       15.10000       9.700000       3.900000       2.100000    
 1725   1.700000      0.9000000       3.700000       8.200000       10.20000       11.20000       14.70000       13.50000       12.60000       9.300000       6.600000       2.300000    
 1726  -2.400000      0.8000000       2.800000       9.000000       14.60000       16.10000       17.40000       15.50000       15.10000       10.50000       4.800000      0.4000000    
 1727   2.000000       3.200000       3.600000       7.000000       15.10000       15.30000       16.70000       17.50000       14.80000       11.10000       4.600000       1.800000    
 1728   3.000000       1.800000       6.900000       8.600000       13.30000       17.10000       17.60000       17.10000       13.70000       9.700000       6.500000      0.4000000    
 1729  -2.400000       1.300000       1.900000       7.100000       11.20000       16.30000       17.40000       17.30000       16.40000       11.30000       6.600000       4.800000    
 1730   2.200000       3.100000       5.200000       9.200000       12.50000       14.20000       17.30000       17.60000       15.10000       8.700000       8.100000       3.100000    
 1731   1.200000      0.2000000       4.200000       7.000000       12.00000       15.50000       17.00000       17.70000       15.60000       13.00000       7.300000       3.800000    
 1732  0.4000000       3.700000       5.800000       9.600000       12.20000       14.40000       16.90000       17.10000       15.10000       10.90000       6.100000      0.9000000    
 1733   4.900000       4.500000       5.700000       10.80000       11.50000       15.20000       19.50000       17.70000       13.30000       9.500000       6.500000       5.900000    
 1734   2.300000       4.900000       7.100000       10.20000       12.00000       15.00000       17.50000       17.40000       14.80000       9.500000       3.400000       2.100000    
 1735   4.100000       3.700000       6.100000       9.300000       12.30000       15.50000       16.50000       17.70000       15.40000       8.200000       5.500000       4.800000    
 1736   3.100000       1.900000       4.100000       9.300000       12.30000       15.20000       17.50000       18.20000       15.20000       10.30000       7.500000       5.500000    
 1737   6.000000       4.500000       5.600000       8.200000       13.30000       15.80000       16.60000       14.60000       15.30000       9.700000       5.700000       2.700000    
 1738  0.9000000       3.400000       5.400000       9.200000       12.40000       15.00000       16.50000       16.10000       13.30000       10.60000       2.800000       5.800000    
 1739   3.100000       6.000000       5.700000       6.100000       13.20000       14.80000       17.00000       15.60000       14.00000       7.700000      0.9000000       3.700000    
 1740  -4.500000      -2.500000       2.000000       5.500000       7.500000       12.20000       15.10000       15.40000       14.80000       6.200000       3.500000       2.500000    
 1741   1.000000       3.500000       3.200000       5.900000       9.800000       13.90000       17.00000       16.40000       14.20000       11.60000       7.900000       2.600000    
 1742  -1.000000       4.800000       2.900000       5.400000       9.500000       14.70000       16.40000       14.90000       12.10000       9.100000       5.000000      -2.400000    
 1743   1.800000       4.400000       4.300000       4.900000       11.80000       15.90000       15.70000       17.10000       14.30000       7.300000       7.900000       2.500000    
 1744 -0.1000000     -0.4000000       3.500000       7.200000       11.20000       14.80000       15.80000       15.30000       13.70000       10.70000       6.400000       3.100000    
 1745   1.200000      0.3000000       3.600000       7.700000       12.30000       14.30000       15.90000       15.40000       14.60000       9.800000       5.000000      0.1000000    
 1746   0.000000      0.3000000       1.700000       6.700000       14.00000       14.30000       17.20000       15.30000       13.80000       7.600000       2.100000       4.100000    
 1747  0.5000000       5.300000       1.600000       8.000000       11.70000       16.30000       16.30000       16.60000       15.00000       9.600000       7.600000       4.800000    
 1748  0.7000000     -0.7000000     -0.7000000       5.600000       11.90000       16.90000       17.20000       17.40000       14.60000       10.50000       7.700000       7.100000    
 1749   4.400000       2.700000       3.100000       7.600000       13.70000       12.30000       17.00000       17.20000       14.50000       9.700000       5.000000       4.900000    
 1750  0.6000000       5.800000       8.000000       8.200000       12.50000       15.00000       18.30000       16.30000       15.50000       8.600000       3.500000       2.400000    
 1751   2.400000     -0.5000000       6.100000       7.500000       10.80000       15.00000       16.10000       16.20000       13.10000       9.600000       3.900000       3.200000    
 1752   3.200000       1.900000       5.300000       7.500000       11.00000       16.30000       16.50000       16.80000       15.10000       10.30000       6.700000       4.500000    
 1753  -1.200000       2.500000       6.100000       8.300000       12.00000       16.60000       16.70000       15.60000       15.00000       10.90000       4.500000       3.600000    
 1754   1.800000       1.200000       1.600000       6.500000       12.90000       14.50000       15.40000       16.70000       14.00000       10.90000       5.700000       2.400000    
 1755  -1.400000      -1.400000       2.900000       10.20000       10.60000       17.50000       16.70000       15.20000       13.20000       10.10000       5.500000       4.300000    
 1756   5.000000       4.200000       4.900000       5.600000       10.40000       16.30000       18.10000       16.30000       15.50000       9.800000       4.200000     -0.5000000    
 1757  -1.700000       1.800000       4.400000       8.800000       11.10000       15.00000       20.00000       17.30000       14.40000       8.800000       7.400000       2.700000    
 1758 -0.5000000       3.100000       5.000000       7.100000       14.80000       15.50000       15.30000       18.10000       14.40000       10.40000       5.700000       3.400000    
 1759   4.600000       5.200000       6.300000       8.700000       11.60000       16.40000       19.20000       17.80000       14.50000       11.50000       3.700000     -0.4000000    
 1760  -1.800000       1.000000       3.900000       7.900000       11.30000       16.10000       16.20000       15.70000       15.30000       9.800000       6.200000       5.400000    
 1761   2.500000       4.300000       6.700000       8.200000       12.80000       15.50000       15.60000       17.70000       14.70000       7.300000       5.300000      0.1000000    
 1762   2.900000       2.000000       2.200000       10.50000       12.80000       15.20000       16.80000       14.60000       13.90000       7.000000       3.200000     -0.4000000    
 1763  -5.800000       2.900000       3.300000       7.300000       10.30000       14.80000       16.30000       16.50000       13.20000       8.300000       5.600000       4.000000    
 1764   4.500000       5.000000       3.900000       8.200000       13.80000       14.50000       18.20000       15.80000       12.50000       8.500000       4.300000      0.8000000    
 1765   3.100000     -0.8000000       6.600000       9.600000       11.90000       16.00000       15.30000       17.30000       13.80000       11.00000       4.500000       1.100000    
 1766   0.000000      0.9000000       4.700000       9.700000       12.10000       14.80000       16.60000       16.80000       14.50000       9.900001       5.500000       1.200000    
 1767  -3.800000       4.800000       5.100000       6.800000       9.900001       13.20000       15.40000       16.60000       15.10000       10.40000       7.600000      0.4000000    
 1768  -2.100000       3.000000       3.700000       7.400000       11.60000       15.10000       17.20000       16.60000       12.30000       9.000000       5.800000       3.000000    
 1769   1.800000       2.000000       4.800000       8.800000       11.40000       13.70000       17.10000       16.10000       14.50000       7.400000       5.600000       3.900000    
 1770   2.100000       3.000000       2.300000       6.300000       11.40000       14.00000       16.40000       17.70000       15.90000       9.700000       5.000000       4.600000    
 1771 -0.3000000      0.1000000      0.8000000       4.300000       13.80000       14.70000       16.00000       14.90000       13.90000       10.60000       5.800000       4.200000    
 1772  0.5000000       2.100000       4.600000       6.900000       10.20000       15.90000       17.10000       16.60000       14.90000       12.80000       7.900000       3.600000    
 1773   4.500000       1.100000       5.400000       8.600000       12.10000       14.80000       16.20000       17.70000       14.70000       11.70000       6.800000       4.300000    
 1774   1.000000       3.900000       6.500000       9.200000       11.80000       15.60000       16.60000       16.80000       13.50000       11.00000       2.600000       1.600000    
 1775   2.000000       6.100000       6.400000       8.900001       11.50000       17.10000       17.30000       17.30000       16.20000       11.00000       3.000000       4.200000    
 1776  -5.200000       3.400000       6.200000       9.400001       10.60000       15.80000       18.40000       16.80000       13.90000       11.10000       5.500000       2.200000    
 1777   0.000000     -0.1000000       5.200000       6.900000       12.80000       14.20000       16.30000       17.30000       14.60000       10.40000       7.300000       1.300000    
 1778 -0.7000000      0.5000000       4.000000       9.200000       13.80000       16.40000       19.50000       18.20000       13.20000       8.100000       7.100000       6.400000    
 1779  0.5000000       5.700000       7.000000       10.20000       13.70000       14.90000       18.40000       19.40000       16.80000       12.60000       6.000000       3.500000    
 1780  -1.700000       1.300000       7.500000       7.100000       13.70000       14.80000       16.90000       19.50000       16.00000       11.20000       5.100000      0.8000000    
 1781  -1.100000       3.500000       5.600000       9.600000       12.80000       18.50000       18.50000       18.90000       15.80000       10.80000       5.600000       1.600000    
 1782   3.800000     -0.4000000       3.400000       6.700000       11.00000       16.30000       17.60000       16.30000       15.30000       8.800000       2.100000       1.000000    
 1783   3.100000       4.700000       2.500000       9.600000       12.30000       16.50000       20.60000       18.10000       15.20000       10.80000       5.700000      -1.300000    
 1784  -3.900000      -1.700000       1.600000       5.400000       14.00000       15.50000       16.70000       15.90000       15.80000       7.000000       6.100000      0.1000000    
 1785  0.1000000     -0.9000000       0.000000       6.100000       11.40000       14.80000       17.10000       16.20000       16.10000       10.50000       5.600000       0.000000    
 1786  0.6000000       1.900000      0.2000000       8.600000       11.60000       16.20000       14.90000       16.10000       12.70000       8.100000      0.6000000       1.800000    
 1787 -0.1000000       3.500000       6.400000       6.900000       11.00000       15.30000       16.10000       16.30000       13.50000       10.90000       4.500000       3.500000    
 1788   2.900000       1.500000       2.700000       8.400001       13.10000       16.70000       18.30000       16.20000       15.00000       10.30000       4.300000      -5.700000    
 1789  -3.200000       3.200000     -0.4000000       6.000000       13.00000       14.50000       16.40000       16.90000       14.10000       8.500000       3.700000       4.400000    
 1790   2.900000       5.100000       6.000000       5.600000       13.40000       14.50000       15.00000       15.40000       12.40000       8.900001       2.900000       3.300000    
 1791   3.600000       3.600000       5.700000       9.800000       10.90000       13.80000       15.60000       16.80000       13.70000       9.200000       4.100000       1.500000    
 1792   1.500000       1.500000       4.200000       10.20000       10.90000       14.20000       17.00000       17.30000       12.70000       8.500000       5.000000       3.400000    
 1793  0.8000000       4.000000       4.200000       6.300000       10.40000       13.20000       18.00000       16.10000       12.60000       11.20000       4.900000       4.100000    
 1794 -0.1000000       4.600000       7.400000       11.30000       11.40000       14.80000       19.00000       15.90000       13.20000       9.200000       5.600000     -0.5000000    
 1795  -5.500000      0.1000000       3.000000       9.200000       10.00000       15.10000       14.30000       16.90000       16.50000       12.90000       5.600000       5.700000    
 1796   6.000000       4.200000       2.900000       9.300000       11.60000       14.80000       16.00000       17.00000       15.40000       9.000000       4.600000     -0.5000000    
 1797   1.200000       2.600000       3.900000       9.100000       13.00000       13.90000       18.90000       17.00000       13.70000       9.200000       5.500000       4.000000    
 1798   2.000000       4.200000       4.600000       9.600000       12.50000       16.30000       17.10000       17.40000       14.90000       10.80000       4.900000      -2.300000    
 1799  -2.500000     -0.5000000       1.900000       5.300000       10.30000       13.10000       15.30000       15.60000       13.70000       9.100000       5.900000      -2.300000    
 1800 -0.6000000     -0.2000000       1.700000       10.60000       14.70000       12.70000       15.50000       17.00000       15.30000       10.00000       6.500000       1.500000    
 1801   2.500000       1.200000       5.800000       8.100000       12.90000       13.30000       15.30000       17.10000       15.10000       11.00000       4.800000       2.100000    
 1802 -0.9000000       2.100000       4.400000       8.600000       11.10000       14.40000       14.10000       17.50000       14.10000       10.60000       4.500000       2.700000    
 1803  -4.800000      -1.600000       3.500000       9.700000       9.600000       13.40000       18.10000       16.60000       11.90000       8.900001       4.300000       1.900000    
 1804   3.500000       1.300000       2.400000       6.100000       13.20000       14.50000       15.90000       15.80000       15.60000       9.600000       2.300000      -2.700000    
 1805  -2.500000      0.5000000       3.500000       6.600000       9.400001       12.20000       14.30000       15.50000       14.70000       6.000000       1.900000       2.400000    
 1806   2.800000       3.300000       3.600000       5.400000       14.10000       13.90000       15.70000       16.50000       14.60000       9.000000       7.300000       6.500000    
 1807   2.000000       2.900000       1.300000       7.000000       12.90000       14.50000       18.20000       18.80000       11.70000       10.90000       3.900000       2.600000    
 1808  0.7000000       1.400000       1.200000       5.200000       14.50000       14.20000       18.90000       18.10000       14.10000       8.000000       4.000000     -0.5000000    
 1809  -2.100000       5.100000       4.800000       5.300000       14.00000       14.10000       15.70000       16.20000       13.70000       8.300000       3.900000       3.400000    
 1810  -1.400000      0.8000000       4.100000       8.000000       9.400001       13.30000       15.40000       16.00000       15.60000       9.000000       5.500000       3.900000    
 1811  -2.600000       3.400000       6.400000       9.800000       15.90000       17.10000       17.50000       16.50000       13.90000       13.00000       7.700000       4.000000    
 1812   1.900000       4.100000       3.100000       5.300000       12.70000       14.40000       15.30000       16.10000       13.80000       10.60000       2.800000      -2.300000    
 1813 -0.2000000       4.600000       4.800000       8.400001       13.50000       14.90000       16.80000       15.70000       13.60000       8.400001       4.500000       1.100000    
 1814  -3.300000      -2.600000       1.000000       9.900001       10.00000       12.90000       17.50000       16.00000       13.70000       8.200000       5.200000       2.900000    
 1815  -2.500000       3.900000       7.400000       9.100000       13.20000       15.10000       14.90000       15.90000       13.90000       10.10000       4.200000      0.3000000    
 1816   1.500000      0.6000000       3.600000       8.000000       10.60000       12.40000       15.30000       14.50000       13.10000       9.900001       2.900000       2.100000    
 1817   3.800000       5.500000       4.800000       5.700000       10.80000       16.30000       15.90000       15.20000       15.40000       6.000000       7.700000       1.800000    
 1818   3.300000       2.100000       5.100000       8.100000       11.80000       17.30000       18.10000       16.00000       14.10000       9.600000       6.400000       1.200000    
 1819   3.300000       3.900000       5.400000       9.400001       13.60000       15.80000       17.60000       18.30000       15.30000       9.000000       3.900000       0.000000    
 1820  -2.800000      0.8000000       3.100000       9.200000       12.50000       13.10000       15.50000       16.70000       13.30000       9.000000       3.100000      0.7000000    
 1821   0.000000       1.000000       4.300000       10.40000       10.90000       12.80000       14.70000       16.60000       15.40000       10.30000       7.600000       5.300000    
 1822   4.200000       5.100000       7.400000       8.800000       14.40000       17.30000       17.20000       16.60000       13.40000       10.90000       7.900000      -1.000000    
 1823  -7.000000       1.500000       4.700000       6.900000       13.00000       12.90000       15.80000       17.00000       14.10000       9.200000       6.500000       4.700000    
 1824   3.700000       2.900000       4.300000       7.400000       11.90000       14.70000       16.70000       17.20000       15.80000       10.40000       7.300000       5.900000    
 1825   4.200000       3.400000       2.800000       8.900001       12.60000       15.20000       16.90000       16.40000       16.00000       11.30000       6.700000       4.700000    
 1826  -2.400000       3.900000       5.700000       8.500000       11.80000       17.10000       19.60000       19.40000       14.90000       12.40000       5.600000       5.200000    
 1827   0.000000      -2.200000       5.300000       9.500000       13.00000       14.90000       17.10000       16.10000       14.40000       11.10000       4.300000       6.200000    
 1828   1.800000       1.700000       5.900000       8.900001       13.10000       16.10000       17.90000       16.00000       15.10000       10.30000       5.200000       5.100000    
 1829  -3.300000     -0.4000000       2.800000       7.800000       12.60000       14.80000       16.40000       15.10000       12.60000       9.500000       3.400000      -4.500000    
 1830  -2.500000      -2.400000       5.200000       9.300000       12.60000       13.40000       17.70000       15.40000       12.80000       10.40000       6.700000      0.5000000    
 1831 -0.4000000       2.700000       6.100000       10.40000       12.40000       15.10000       18.10000       17.60000       14.40000       14.00000       6.200000       4.800000    
 1832 -0.1000000       1.000000       4.000000       9.000000       10.60000       15.10000       14.70000       16.70000       13.80000       10.60000       3.700000       3.600000    
 1833  -1.800000       4.300000       2.600000       7.500000       15.30000       16.40000       16.40000       14.30000       13.30000       10.10000       6.000000       6.500000    
 1834   6.100000       3.100000       6.000000       7.300000       14.10000       16.30000       19.20000       18.10000       15.60000       10.90000       5.000000       4.500000    
 1835   2.400000       4.800000       5.200000       7.400000       11.10000       16.40000       17.50000       16.90000       14.30000       9.000000       3.600000       2.100000    
 1836   1.700000       3.000000       7.000000       8.000000       12.40000       14.30000       16.80000       15.80000       12.70000       10.30000       5.700000       4.400000    
 1837   2.200000       3.800000       2.500000       5.500000       10.20000       15.60000       16.40000       17.50000       13.50000       11.60000       5.400000       3.700000    
 1838  -6.600000      -1.800000       4.100000       6.300000       12.40000       14.90000       17.00000       15.80000       13.20000       10.80000       3.800000       2.100000    
 1839   2.600000       3.200000       3.400000       6.000000       11.80000       15.80000       17.00000       15.60000       14.20000       10.30000       6.600000       3.700000    
 1840   1.900000       4.500000       3.200000       10.70000       13.10000       15.10000       15.30000       17.00000       13.70000       9.000000       6.600000      -2.400000    
 1841  0.2000000       0.000000       6.400000       9.400001       15.40000       14.60000       14.70000       16.60000       16.10000       10.60000       6.500000       5.000000    
 1842  -1.900000       2.200000       6.100000       7.400000       13.50000       16.10000       15.70000       19.70000       14.20000       9.000000       3.800000       4.100000    
 1843   2.900000       1.000000       4.600000       6.900000       12.20000       13.30000       16.00000       17.50000       14.70000       9.600000       6.200000       5.800000    
 1844   2.500000       1.400000       4.100000       9.900001       12.90000       15.00000       15.10000       14.90000       14.80000       9.800000       5.400000      -3.400000    
 1845  0.9000000      -2.800000      -2.300000       8.100000       9.600000       15.80000       16.10000       15.00000       13.90000       10.40000       6.700000       5.100000    
 1846   4.500000       5.900000       6.800000       9.000000       12.60000       17.60000       18.50000       19.40000       16.80000       11.20000       4.900000      -1.300000    
 1847  -1.600000       1.200000       3.900000       6.100000       13.70000       14.00000       17.60000       17.40000       11.90000       9.600000       7.400000      0.9000000    
 1848  -4.300000       4.100000       6.200000       9.500000       14.40000       16.10000       16.40000       15.40000       13.30000       10.60000       6.000000       2.800000    
 1849   1.300000       5.300000       4.600000       7.800000       14.40000       15.80000       16.40000       15.50000       13.90000       9.400001       4.500000       1.000000    
 1850  -3.600000       5.200000       3.100000       9.100000       10.90000       15.30000       16.60000       15.70000       12.70000       7.800000       7.200000       3.400000    
 1851   3.600000       2.900000       5.200000       7.600000       10.10000       15.00000       15.70000       16.80000       13.10000       10.90000       2.800000       3.000000    
 1852   3.900000       3.500000       3.400000       5.900000       11.60000       14.60000       20.20000       17.40000       13.80000       8.700000       8.600000       7.200000    
 1853   4.800000      -1.100000       0.000000       6.400000       11.70000       15.40000       17.00000       15.50000       13.20000       10.50000       3.500000      -3.000000    
 1854   1.600000       2.300000       5.300000       8.700000       11.30000       14.30000       17.10000       16.30000       14.20000       9.300000       3.600000       4.500000    
 1855 -0.7000000      -5.700000       1.600000       6.300000       10.20000       14.90000       16.60000       16.70000       14.20000       11.20000       3.500000     -0.6000000    
 1856   2.600000       4.400000       3.500000       8.400001       10.40000       14.70000       15.30000       17.60000       13.20000       10.90000       3.400000       4.100000    
 1857  0.4000000       2.600000       4.200000       7.400000       12.90000       17.10000       17.80000       19.60000       15.70000       11.70000       5.800000       5.000000    
 1858  0.4000000     -0.5000000       3.100000       7.600000       11.10000       18.80000       15.80000       17.40000       15.90000       9.900001       1.100000       3.100000    
 1859   3.200000       5.100000       7.100000       7.500000       13.00000       17.40000       20.00000       17.80000       13.60000       11.00000       4.200000      0.2000000    
 1860   3.200000      0.7000000       3.200000       6.400000       12.30000       14.40000       15.00000       14.40000       12.70000       10.00000       2.900000      0.7000000    
 1861  -2.800000       4.700000       6.100000       6.700000       10.30000       16.70000       17.40000       17.40000       13.90000       11.60000       5.000000       3.200000    
 1862   1.400000       3.300000       7.400000       10.00000       14.70000       14.00000       15.40000       16.20000       14.60000       11.60000       4.900000       4.700000    
 1863   4.600000       4.800000       6.200000       9.100000       11.60000       14.90000       15.20000       16.70000       12.20000       11.40000       5.700000       5.400000    
 1864  -1.500000      0.8000000       5.300000       7.500000       11.10000       14.30000       15.80000       14.40000       13.60000       9.300000       3.700000     -0.5000000    
 1865   1.300000     -0.5000000       1.100000       11.10000       15.20000       14.20000       17.70000       15.90000       16.80000       10.70000       6.900000       2.800000    
 1866   5.300000       4.800000       4.000000       9.500000       9.800000       17.60000       15.60000       14.80000       14.10000       9.700000       6.500000       4.500000    
 1867  0.6000000       6.500000       2.600000       8.700000       12.40000       15.00000       14.70000       17.50000       14.70000       9.500000       5.700000       1.200000    
 1868  0.5000000       5.300000       5.900000       8.200000       15.90000       16.90000       19.80000       18.50000       15.60000       9.400001       4.700000       6.500000    
 1869   1.700000       6.400000       2.700000       10.70000       11.30000       12.90000       17.50000       15.50000       15.10000       9.200000       5.400000       1.700000    
 1870   2.300000     -0.6000000       3.300000       9.300000       11.90000       14.70000       18.00000       16.00000       13.30000       9.500000       5.400000      -1.500000    
 1871  -2.400000       2.200000       6.800000       7.400000       10.40000       13.70000       16.70000       18.30000       14.40000       8.100000       2.200000       0.000000    
 1872   3.200000       5.000000       6.700000       8.300000       11.40000       15.90000       19.20000       16.50000       14.40000       10.00000       7.400000       5.000000    
 1873   4.400000       1.200000       5.900000       7.900000       10.00000       16.20000       18.60000       17.20000       12.90000       10.20000       6.000000       3.900000    
 1874   4.100000       2.600000       5.700000       9.800000       10.00000       15.00000       18.60000       15.60000       15.20000       10.80000       4.000000     -0.3000000    
 1875   3.900000     -0.2000000       3.300000       7.900000       13.10000       16.10000       16.90000       18.00000       15.20000       8.100000       4.300000       1.800000    
 1876 -0.2000000       3.200000       5.100000       8.700000       9.300000       15.60000       17.70000       17.80000       13.00000       11.70000       4.700000       4.700000    
 1877   4.500000       5.500000       4.000000       7.000000       9.900001       17.30000       16.50000       16.60000       11.70000       9.000000       7.300000       2.700000    
 1878   3.000000       5.000000       4.600000       10.10000       12.70000       16.00000       16.50000       16.70000       14.60000       10.10000       4.400000      0.8000000    
 1879  -1.500000       1.500000       3.700000       6.500000       9.500000       15.20000       14.60000       16.20000       13.90000       9.700000       3.600000      -3.500000    
 1880  0.2000000       4.000000       6.100000       8.900001       11.70000       14.80000       16.80000       18.40000       15.50000       8.400001       5.200000       5.400000    
 1881  -2.700000       2.100000       4.500000       6.700000       12.30000       14.40000       18.30000       15.30000       13.40000       6.500000       7.700000       2.900000    
 1882   2.400000       4.000000       7.500000       8.600000       12.60000       14.00000       16.10000       15.10000       13.60000       9.900001       5.500000       2.600000    
 1883   2.300000       4.900000       1.000000       8.400001       12.60000       15.80000       15.90000       16.20000       13.70000       10.10000       6.100000       3.500000    
 1884   5.500000       4.900000       6.100000       7.500000       12.70000       13.30000       18.20000       19.00000       15.90000       10.20000       4.400000       3.800000    
 1885 -0.1000000       5.900000       4.300000       9.700000       10.00000       15.80000       17.20000       14.60000       12.70000       8.500000       4.000000       2.600000    
 1886  0.8000000      -1.100000       3.200000       8.300000       12.60000       14.00000       16.60000       16.80000       16.00000       11.10000       7.000000       2.000000    
 1887 -0.1000000       2.100000       2.600000       6.900000       10.10000       15.50000       18.10000       16.00000       12.60000       7.600000       4.800000       1.700000    
 1888  0.3000000      -1.000000       2.100000       6.500000       11.30000       15.70000       14.50000       15.00000       13.50000       8.300000       5.800000       3.600000    
 1889  0.7000000       1.300000       3.300000       7.800000       16.00000       18.80000       15.80000       15.50000       12.70000       9.000000       5.100000     -0.8000000    
 1890   4.200000      0.8000000       5.800000       7.000000       13.60000       14.10000       15.20000       15.60000       14.70000       9.600000       4.900000      -4.800000    
 1891  -1.700000       2.400000       4.000000       6.500000       12.00000       15.60000       15.70000       15.20000       15.30000       11.00000       4.700000       3.600000    
 1892  0.7000000       2.500000       2.200000       7.700000       13.30000       14.30000       15.40000       17.10000       14.00000       8.700000       6.300000       1.300000    
 1893  -1.800000       4.000000       6.800000       10.20000       13.90000       15.90000       17.30000       17.80000       13.50000       10.80000       4.200000       3.100000    
 1894   1.500000       3.600000       6.900000       11.10000       11.30000       14.00000       17.30000       15.20000       12.40000       9.400001       6.800000       3.900000    
 1895 -0.6000000      -3.400000       3.600000       9.000000       12.80000       15.90000       16.60000       16.60000       16.10000       8.900001       6.500000       2.000000    
 1896   2.400000       2.500000       6.900000       8.000000       11.70000       18.00000       18.00000       15.20000       14.00000       8.900001       2.800000       2.300000    
 1897 -0.9000000       3.400000       6.600000       7.900000       11.70000       17.10000       17.00000       17.90000       13.20000       9.400001       4.700000       2.900000    
 1898   4.500000       3.700000       3.400000       8.300000       11.20000       14.70000       14.80000       18.40000       15.30000       10.40000       6.000000       5.800000    
 1899   4.200000       3.400000       3.700000       7.800000       10.80000       15.60000       18.10000       17.70000       14.10000       8.500000       9.100000     -0.7000000    
 1900   3.200000       2.500000       2.700000       7.400000       11.00000       16.10000       18.50000       16.50000       14.30000       10.20000       5.900000       5.300000    
 1901 -0.3000000     -0.9000000       3.500000       9.100000       12.20000       14.70000       18.70000       16.70000       14.70000       10.30000       5.300000       2.900000    
 1902   4.600000     -0.4000000       5.200000       8.500000       9.400001       15.80000       15.50000       14.80000       13.10000       8.600000       3.700000      0.8000000    
 1903   2.900000       5.600000       7.100000       5.600000       12.80000       14.30000       15.60000       15.30000       14.40000       11.10000       5.700000      0.8000000    
 1904  0.7000000       3.000000       3.700000       9.700000       12.10000       14.40000       18.00000       16.00000       12.40000       9.200000       5.500000       4.000000    
 1905   1.300000       3.600000       6.000000       6.600000       11.90000       16.90000       18.00000       16.00000       12.90000       6.500000       3.800000       2.300000    
 1906   3.743440       2.505790       4.030130       7.526790       12.36780       14.17650       16.93460       16.89520       13.46610       11.93090       8.067080      0.3651880    
 1907   1.843440      0.8057920       4.730130       7.526790       12.46770       13.57650       13.83460       15.19520       13.76610       11.43090       5.967080       3.265190    
 1908  -1.060000       3.810000       3.630000       6.030000       12.96770       16.17650       16.63460       15.29520       13.66610       10.03090       4.667080       1.265190    
 1909  0.9400000      0.7100000       3.030000       8.530000       11.16770       13.07650       14.73460       16.29520       13.26610       11.23090       4.667080       3.365190    
 1910   3.640000       4.110000       5.230000       7.830000       12.56770       16.27650       15.23460       16.09520       13.46610       10.43090       3.567080       5.865190    
 1911   1.340000       3.610000       5.130000       7.130000       13.86780       14.67650       18.53460       19.39520       14.56610       9.630890       6.067080       5.365190    
 1912   2.140000       4.110000       7.530000       8.630000       11.56770       15.07650       18.33460       14.09520       10.76610       8.030890       5.667080       5.565190    
 1913   2.440000       3.510000       7.030000       8.630000       12.56770       14.17650       14.73460       15.29520       13.96610       11.13090       8.567080       4.365190    
 1914  0.4000000E-01   5.710000       6.030000       10.03000       11.46770       14.17650       17.83460       17.39520       13.76610       10.13090       5.267080       5.165190    
 1915   3.340000       3.210000       4.130000       7.430000       12.26770       15.57650       15.53460       15.59520       13.16610       7.730890       3.067080       5.365190    
 1916   6.140000       2.810000       4.430000       8.730000       12.96770       12.07650       15.23460       16.39520       13.36610       10.43090       6.067080       2.765190    
 1917 -0.5565600      -1.394210       1.930130       4.526790       14.56770       18.17650       16.63460       16.19520       14.66610       8.230890       7.467080      0.1651880    
 1918   2.943440       4.105790       4.630130       8.226790       13.76770       13.37650       16.13460       15.89520       13.16610       9.430890       4.467080       5.965190    
 1919   2.043440      0.4057920       4.130130       6.226790       13.66770       14.27650       13.83460       15.99520       14.46610       7.130890       1.967080       3.865190    
 1920   4.343440       5.505790       7.330130       9.226790       12.76770       15.67650       16.13460       14.09520       13.26610       8.330890       3.367080       2.265190    
 1921   6.343440       3.205790       6.730130       8.726790       13.26770       14.67650       18.03460       16.89520       14.06610       12.83090       1.467080       3.365190    
 1922  0.5434400       1.805790       4.230130       6.026790       13.26770       15.07650       15.03460       14.89520       12.66610       6.630890       5.067080       4.765190    
 1923   4.143440       3.105790       6.530130       7.726790       10.16770       11.47650       18.83460       15.79520       13.06610       10.83090       3.067080      0.5651880    
 1924  0.2434400      0.5057920       3.330130       6.526790       13.16770       14.77650       16.23460       14.39520       14.06610       10.73090       5.167080       3.965190    
 1925   3.943440       4.905790       3.630130       8.026790       13.66770       15.07650       18.33460       16.29520       11.86610       9.930890       2.967080       1.565190    
 1926   2.343440       6.405790       5.830130       9.926790       10.56770       13.77650       17.73460       16.49520       15.46610       8.130890       6.867080       3.065190    
 1927   4.043440       2.905790       6.630130       7.726790       11.26770       13.07650       17.03460       16.89520       14.16610       10.53090       4.267080      -1.034810    
 1928   3.743440       4.905790       4.530130       8.226790       10.76770       13.87650       17.13460       16.09520       12.76610       9.930890       7.867080       2.465190    
 1929  -1.256560      -5.294210       3.630130       5.426790       12.56770       13.67650       17.13460       16.19520       16.06610       10.33090       6.267080       5.365190    
 1930   4.843440       1.705790       4.830130       8.826790       11.56770       17.67650       16.13460       16.59520       14.06610       10.43090       7.467080       2.365190    
 1931   2.743440       1.305790       2.430130       7.226790       13.46770       15.17650       16.53460       15.79520       11.66610       9.030890       6.867080       3.465190    
 1932   4.143440       1.605790       3.130130       7.226790       12.06770       14.87650       17.43460       18.89520       14.86610       9.430890       5.667080       3.665190    
 1933  0.2434400       2.905790       6.830130       8.326790       11.96770       15.37650       18.03460       17.39520       14.86610       10.03090       4.067080      -1.934810    
 1934   2.343440       3.505790       4.830130       10.22680       11.96770       15.77650       17.63460       16.19520       16.06610       11.43090       5.567080       7.365190    
 1935   3.043440       4.405790       5.030130       7.826790       10.86780       16.37650       17.63460       17.19520       14.16610       9.830890       7.267080       2.765190    
 1936   4.843440       2.305790       6.530130       6.126790       12.86780       16.37650       16.33460       16.89520       14.16610       8.830890       5.367080       3.465190    
 1937   2.743440       4.905790       3.430130       8.726790       14.06770       15.57650       16.63460       17.39520       13.46610       11.03090       4.767080       1.765190    
 1938   4.143440       3.505790       7.730130       6.826790       10.96770       15.27650       16.03460       17.89520       15.06610       9.630890       8.867080      0.5651880    
 1939   4.443440       3.605790       4.530130       9.126790       11.86780       16.17650       16.93460       17.59520       15.16610       7.730890       7.467080       1.165190    
 1940  -5.356560      -1.194210       5.230130       8.926790       13.06770       16.47650       15.73460       15.19520       12.96610       8.930890       6.867080      0.8651880    
 1941  -2.356560       1.705790       4.730130       6.726790       9.467750       16.67650       19.13460       14.99520       14.46610       9.830890       4.267080       4.865190    
 1942  -4.956560      -4.094210       2.730130       9.226790       11.96770       14.27650       15.93460       17.89520       14.76610       12.03090       5.767080       4.365190    
 1943   2.843440       4.505790       6.430130       10.42680       13.26770       14.27650       17.13460       16.79520       13.46610       10.53090       4.867080       1.465190    
 1944   5.343440       1.905790       3.630130       9.426790       11.46770       13.97650       16.83460       19.29520       13.26610       9.630890       6.567080       2.665190    
 1945  -1.456560       6.105790       7.330130       10.12680       13.46770       15.87650       17.73460       16.39520       14.56610       11.63090       5.067080       3.365190    
 1946  0.3434400       4.705790       4.230130       10.22680       12.76770       13.77650       17.33460       15.69520       14.56610       9.430890       6.667080     -0.1348120    
 1947  -1.256560      -5.394210       3.330130       8.926790       14.96770       17.37650       18.73460       19.79520       16.86610       9.430890       7.267080       4.365190    
 1948   5.243440       3.105790       6.730130       9.926790       12.56770       15.17650       16.53460       16.39520       14.46610       9.830890       5.067080       3.665190    
 1949   3.843440       3.905790       4.030130       10.32680       11.16770       14.27650       17.33460       17.09520       17.26610       11.53090       5.367080       4.570000    
 1950   1.143440       5.605790       6.530130       7.626790       12.66770       17.17650       17.23460       17.30200       13.58130       9.360020       6.051420      -1.056910    
 1951   4.151310       3.954900       4.092680       7.254150       12.15970       15.34620       16.91620       16.44600       15.38530       8.833020       8.587420       4.457090    
 1952   2.602310       2.501900       4.994680       10.41420       13.33770       14.97120       17.28820       16.89500       11.64330       8.370020       3.126420       1.604090    
 1953   1.407310       2.470900       4.955680       8.567150       12.99670       15.70820       17.01120       16.49300       13.87030       11.49700       7.316420       5.524090    
 1954  0.2993140     -0.2241010       5.958680       6.808150       13.03370       15.16120       14.47320       15.85200       13.59830       12.09100       6.883420       5.597090    
 1955  0.2753140      0.2618990       2.029680       8.520150       10.10270       14.44220       17.75920       18.11200       14.45530       9.402020       6.702420       4.785090    
 1956   2.303310      -6.609100       5.544680       5.805150       12.32370       12.99120       16.64720       14.22500       14.87430       9.929020       5.219420       5.515090    
 1957   3.794310       5.255900       8.488680       8.616150       10.43870       16.45320       17.79120       15.79800       13.07630       10.98600       6.591420       3.088090    
 1958   2.235310       3.878900       2.375680       6.516150       12.38970       14.87620       16.84820       17.42500       15.93730       11.22500       5.204420       4.836090    
 1959   1.795310      0.8008990       7.126680       9.985150       13.56670       16.17120       18.66420       17.97700       15.69530       11.42500       5.199420       4.497090    
 1960   2.918310       3.244900       5.752680       9.140150       13.15670       16.40820       15.62120       15.95500       13.80930       10.94000       7.698420       3.241090    
 1961   2.119310       6.388900       7.201680       10.61420       11.17970       15.56520       15.77020       16.18800       16.80430       11.53000       4.814420       1.768090    
 1962   3.598310       2.914900       2.074680       8.129150       10.11270       13.88920       14.88820       15.47000       13.19330       10.95000       4.355420     -0.5299110    
 1963  -5.063690      -3.091100       4.703680       9.127150       11.07970       15.81620       16.45420       15.39700       14.02130       9.820000       8.423420     -0.9929110    
 1964  0.7543140       3.578900       2.773680       8.839150       14.41270       15.51920       17.02620       16.19200       14.24430       8.090000       6.493420       2.509090    
 1965   2.869310       2.244900       4.433680       7.791150       11.98370       14.86820       15.08920       15.48500       12.97730       10.11000       2.831420       4.598090    
 1966  0.4903140       4.435900       5.319680       8.488150       12.99970       16.82520       15.61920       15.93400       13.94330       11.18000       4.476420       4.563090    
 1967   3.232310       5.282900       6.867680       7.491150       12.77970       14.56020       18.42020       16.68700       14.32230       11.91000       5.220420       3.523090    
 1968   2.178310       1.614900       6.269680       9.391150       11.11670       15.55620       16.51320       17.34700       14.62030       11.85000       5.058420     -0.5391080E-01
 1969   4.496310      0.2689860E-01   2.349680       7.984150       12.99170       15.34520       18.34320       17.89200       14.93330       12.90000       6.568420      -1.561910    
 1970  0.7223140       1.223900       3.084680       6.219150       13.21970       17.74620       15.92020       17.15800       14.54330       10.84000       7.657420       2.643090    
 1971   2.432310       3.916900       2.804680       8.204150       13.82970       14.07120       17.40320       17.30200       13.48130       10.66000       5.851420       5.543090    
 1972  0.6323140       3.716900       6.304680       7.804150       11.92970       13.57120       17.40320       15.70200       12.08130       9.160000       6.151420       3.443090    
 1973   3.032310       3.016900       5.404680       6.204150       12.12970       16.17120       17.20320       17.90200       15.08130       8.860000       5.251420       2.843090    
 1974   5.332310       4.716900       5.704680       9.204150       11.72970       14.97120       15.60320       16.60200       12.88130       7.160000       6.651420       7.443090    
 1975   6.332310       3.216900       4.804680       7.604150       11.22970       15.27120       18.00320       20.10200       15.38130       8.660000       5.351420       3.643090    
 1976   4.200000       2.900000       3.000000       7.500000       13.30000       18.00000       19.30000       18.00000       13.80000       11.20000       6.900000       1.700000    
 1977   3.000000       4.900000       7.100000       6.700000       11.90000       14.60000       17.00000       16.10000       13.40000       11.50000       6.800000       5.000000    
 1978   3.000000       1.100000       6.600000       6.900000       12.10000       15.00000       15.40000       15.30000       13.70000       10.90000       6.300000       1.800000    
 1979  -3.200000     -0.9000000       4.700000       7.800000       11.50000       14.90000       15.90000       15.60000       13.90000       10.90000       5.600000       5.400000    
 1980  0.2000000       4.800000       4.700000       8.000000       12.30000       15.00000       15.80000       17.00000       15.30000       9.400000       4.900000       3.600000    
 1981   2.700000       1.500000       8.100000       8.300000       13.30000       14.40000       16.30000       16.70000       14.70000       8.500000       6.700000     -0.7000000    
 1982   1.100000       2.800000       5.200000       7.600000       12.90000       16.60000       18.90000       17.20000       15.60000       11.10000       8.200000       3.400000    
 1983   6.200000      0.9000000       5.700000       8.500000       10.60000       16.40000       20.10000       18.10000       14.20000       10.40000       6.100000       3.800000    
 1984   3.400000       2.000000       4.000000       7.900000       10.60000       13.80000       15.90000       18.10000       13.50000       11.70000       8.200000       4.300000    
 1985  -3.000000     -0.6000000       4.100000       8.500000       13.20000       13.70000       17.40000       15.90000       14.40000       10.30000       2.600000       5.700000    
 1986   2.400000      -3.600000       4.200000       6.200000       13.30000       16.40000       17.20000       15.60000       11.60000       11.40000       7.900000       5.100000    
 1987  -2.700000       2.100000       2.300000       10.70000       10.20000       13.80000       16.80000       16.20000       14.80000       10.80000       6.800000       4.400000    
 1988   5.900000       4.600000       5.100000       8.700000       14.40000       14.80000       16.00000       16.60000       14.00000       10.90000       6.100000       7.000000    
 1989   4.500000       5.300000       8.200000       6.900000       14.60000       15.70000       18.10000       17.20000       15.60000       12.40000       5.600000       4.800000    
 1990   5.700000       7.600000       8.500000       8.900000       13.90000       15.00000       16.90000       18.50000       13.10000       12.00000       6.200000       4.200000    
 1991   3.190320     -0.7571430       8.758070       8.530000       10.00650       12.72000       19.00970       17.98710       15.02330       10.21000       5.306670       3.935480    
 1992   2.716130       4.937930       6.861290       8.710000       15.60650       17.22670       18.25810       17.82260       14.64000       8.000000       8.000000       3.690320    
 1993   5.064520       2.442860       5.790320       11.14670       14.30000       15.86000       16.12580       15.22900       13.09000       8.970000       2.180000       5.093550    
 1994   5.180650       1.482140       7.319360       8.170000       12.36450       15.03670       21.35480       17.57420       13.60670       9.350000       10.18330       5.296770    
 1995   3.829030       6.682140       5.500000       9.200000       12.82260       14.74670       20.11610       19.69350       14.22000       12.68000       6.813330     -0.8838710    
 1996 -0.9354830E-01  0.5551730       3.209680       9.386670       10.72580       15.66670       16.25480       17.30320       12.48670       10.77000       5.863330      0.5967740    
 1997  -1.196770       6.235710       8.000000       7.833330       12.76130       15.95330       17.40000       20.54840       14.30330       9.740000       6.653330       4.990320    
 1998   4.738710       6.353570       7.554840       9.413330       14.93870       15.81000       16.30000       16.50000       15.04670       9.860000       3.676670       4.561290    
 1999   5.203230       3.057140       7.332260       9.840000       14.20320       14.96670       19.13230       17.50000       17.35000       10.63000       6.706670       4.770970    
 2000   4.329030       5.855170       6.796770       9.986670       14.73230       16.00330       15.51940       17.41610       15.81670       11.31940       7.790000       5.067740    
 2001   2.606450       4.467860       4.945160       8.283330       14.14190       15.15670       18.53230       18.48390       13.43330       14.21940       7.120000       2.858060    
 2002   4.419350       7.114290       7.222580       9.330000       13.37100       16.50330       17.55160       18.59680       14.55330       9.461290       7.866670       2.890320    
 2003   2.493550       1.814290       7.316130       9.930000       13.18060       17.84000       18.83550       19.25480       13.92000       7.464510       7.996670       4.000000    
 2004   3.587100       4.820690       5.922580       10.35330       12.29350       15.52330       16.70320       18.84190       15.17670       11.30970       6.290000       3.238710    
 2005   5.254840       2.389290       6.541940       10.38670       12.57420       16.76000       17.65480       16.19350       15.71670       13.34190       6.850000       3.977420    
 2006   1.464520       2.889290       3.932260       8.983330       14.49680       16.67670       22.30970       16.35480       17.91670       13.57740       9.156670       6.506450    
 2007   7.093550       6.035710       7.964520       13.05670       14.12260       17.47670       17.00970       17.10970       13.78670       10.06770       6.910000       3.777420    
 2008   6.503230       5.137930       5.900000       8.926670       15.67420       16.48670       18.05160       17.39350       13.61000       10.08060       6.853330       2.448390    
 2009  0.7967743       3.314952       6.325807       12.17667       13.85484       15.64333       18.08065       18.45484       14.96333       10.69355       9.473333       2.225807    
 2010 -0.4548388       1.665954       6.435484       9.723333       10.49355       16.44000       19.87420       16.78710       13.55333       10.40323       5.806667      -1.145161    
 2011   3.519355       4.543033       6.048387       13.11667       13.97419       16.11667       15.89032       16.88710       15.64000       11.41936       7.190000       6.480645    
 2012   4.880645      0.8000000       8.293549       8.383334       14.45161       14.86667       17.25484       18.45807       14.15333       10.50323       6.840000       5.038710    
 2013   2.016129       1.726266       2.454839       8.126667       11.49355       15.25333       19.19032       18.07097       14.44667       12.16774       6.730000       5.925807    
 2014   5.651613       6.402102       8.412903       12.11333       13.23871       16.18333       19.75161       16.09032       15.85333       13.42903       8.173333       4.845161    
 2015   4.019355       3.499588       6.158064       8.990001       12.36452       15.60000       18.38387       18.45484       13.40000       9.890323       9.880000       9.629032    
 2016   4.783871       4.582758       5.358065       8.680000       14.50968       16.82000       18.37097       17.88065       17.26333       9.887096       5.413333       4.667742    
 2017   1.564516       5.010590       8.593548       8.556667       14.97097       18.04333       17.94516       17.24839       13.67667       13.34194       7.263333       4.880645    
 2018   5.622581      0.7943271       4.738709       12.15333       16.42581       17.49667       20.70000       18.50645       14.74667       11.94194       6.810000       6.138710    
 2019   3.506452       6.018389       8.038710       10.92000       11.71935       18.13000       18.79032       18.42903       14.53000       11.55806       6.366667       5.841936    
 2020   6.209678       7.203448       6.819355       11.11667       13.10968       17.48333       16.98710       20.37097       15.15000       10.78942      -999.9000      -999.9000    
