""	"output_series_d18O"	"output_series_d13C"
-67	0.8091770284	1.3485146716
-66.9	0.6927521381	1.3497752878
-66.8	0.7365027631	1.3876234979
-66.7	0.6819451048	1.1777565087
-66.6	0.6481852428	1.2079798784
-66.5	0.5745108274	1.0581343478
-66.4	0.5287347776	1.228931314
-66.3	0.1884418411	1.437361314
-66.2	0.0689470922	1.4815339318
-66.1	0.3096153943	1.4728751686
-66	0.6071150001	2.0720073773
-65.9	0.4502503488	1.6609582858
-65.8	0.3793840441	1.3745495254
-65.7	0.3997398147	1.3672216224
-65.6	0.1607527349	1.1991060449
-65.5	0.2111985479	1.1690166146
-65.4	0.1178186139	1.0615303636
-65.3	0.1906639115	0.9508983674
-65.2	0.1155058942	1.0708691759
-65.1	0.1494569227	1.2083847195
-65	0.2502039138	1.2411336303
-64.9	0.172015828	1.2124990948
-64.8	0.305156393	1.2748860553
-64.7	0.1354357062	1.0664269981
-64.6	0.124216956	0.954198703
-64.5	0.1649905589	0.9744556339
-64.4	0.3268927626	1.0832772475
-64.3	0.2706922514	1.1841896127
-64.2	0.2447481455	1.2625932432
-64.1	0.1675262788	0.9970830288
-64	0.2658804425	1.0595151812
-63.9	0.202054175	1.0933649938
-63.8	0.292781944	1.2267827038
-63.7	0.1204362456	0.9978124824
-63.6	0.0387851674	0.8357436416
-63.5	0.0969965234	1.0343557504
-63.4	0.1329924637	0.9482344686
-63.3	0.2421386355	1.0103901945
-63.2	0.3135968037	0.9456030606
-63.1	0.3956034749	1.1506539344
-63	0.297064033	1.1426508677
-62.9	0.1487864806	1.00753532
-62.8	0.4786005912	1.1507747596
-62.7	0.4423937289	1.1434578049
-62.6	0.3801448994	1.0523361222
-62.5	0.4281520023	0.8724779413
-62.4	0.5645129591	0.8131394284
-62.3	0.6697062854	0.9611691602
-62.2	0.7168589739	1.1601857972
-62.1	0.2088378948	0.3731510688
-62	0.3229575884	0.6141587484
-61.9	0.504825869	0.9361839746
-61.8	0.5865027543	0.9327930847
-61.7	0.426138775	0.8021988341
-61.6	0.4526685066	0.9848871869
-61.5	0.483835677	1.0487324255
-61.4	0.2944557209	1.0526947437
-61.3	0.2418020609	0.7947709407
-61.2	0.5806379362	0.9311280715
-61.1	0.6922082538	1.3831684535
-61	0.7019599787	1.4774359163
-60.9	0.6558547586	1.4894567218
-60.8	0.685110624	1.5782082755
-60.7	0.7285631348	1.6172817694
-60.6	0.6970837814	1.492787619
-60.5	0.5801782975	1.3394318466
-60.4	0.5938185473	1.3676647965
-60.3	0.5793743477	1.5119012783
-60.2	0.7502184133	1.616280962
-60.1	0.6637836426	1.4795047532
-60	0.5465813858	1.2919607991
-59.9	0.5970148504	1.3705707839
-59.8	0.7391574563	1.5638858986
-59.7	0.6799709284	1.4378675852
-59.6	0.5780371623	1.3087342365
-59.5	0.8434985066	1.6738250961
-59.4	0.7796546575	1.6330176941
-59.3	0.5796400088	2.0284992513
-59.2	0.8213159877	2.0694586305
-59.1	0.8156046941	2.0142134199
-59	0.8120845885	2.2244799595
-58.9	0.7023045861	2.0447809457
-58.8	0.6622004632	1.9728462353
-58.7	0.5937841847	2.0672099847
-58.6	0.6916670275	2.16748042
-58.5	0.5060727193	2.0235324371
-58.4	0.6652984177	1.9966753311
-58.3	0.7050141567	2.0344298864
-58.2	0.6730859038	1.9867342546
-58.1	0.2691415043	1.9119170049
-58	0.2500506028	2.2002542446
-57.9	0.3864643698	2.267487089
-57.8	0.4061321095	2.3306400267
-57.7	0.2723752019	2.1207437199
-57.6	0.240746038	2.0983192033
-57.5	0.2909732558	2.0772665278
-57.4	0.360620729	2.253661441
-57.3	0.2690949083	1.9653620757
-57.2	0.2227452537	1.85341621
-57.1	0.4863574419	1.9968363031
-57	0.3158064539	2.0588490176
-56.9	0.2203616737	1.7920769099
-56.8	0.1703138513	1.8394967695
-56.7	0.3011746299	1.8818258407
-56.6	0.2510726806	1.7620364804
-56.5	0.2357271011	1.6304274593
-56.4	0.1147142527	1.4228259069
-56.3	0.2360189769	1.4523123962
-56.2	0.2722582563	1.3054511185
-56.1	0.0980972625	0.9739888091
-56	0.188816614	1.0766064392
-55.9	-1.7695428073	-1.4518135136
-55.8	-0.3323323601	-0.094984907
-55.7	-0.0494562018	0.6772760357
-55.6	-0.0003245165	0.8785338156
-55.5	-0.0684522998	0.8437504611
-55.4	-0.1885075338	0.7306552786
-55.3	-0.2027210174	0.67053148
-55.2	-0.0162148313	0.820295671
-55.1	0.0066634833	0.7698845645
-55	0.0896568114	0.8396115114
-54.9	0.0850984844	0.5877381648
-54.8	-0.0133626378	0.440642859
-54.7	0.0549596571	0.4545760073
-54.6	0.1108287149	0.5025456207
-54.5	-0.4050411985	0.0672811602
-54.4	-0.1174924421	0.0816404714
-54.3	-0.304711936	-0.1228768348
-54.2	-0.1705420624	0.1443375466
-54.1	-0.1480253624	0.1689138271
-54	-0.2071154914	-0.0696766384
-53.9	-0.1850577064	0.0464011023
-53.8	-0.1998016248	0.1874887905
-53.7	-0.2123051218	0.1760601093
-53.6	-0.4110979878	-0.1540631457
-53.5	-0.2833352375	0.0669716362
-53.4	-0.254105975	0.171708637
-53.3	-0.5303040932	-0.2360077921
-53.2	-0.3644580929	-0.181235988
-53.1	-0.4863662314	-0.2258298845
-53	-0.3947663731	-0.0527214522
-52.9	-0.493112385	-0.1453962984
-52.8	-0.3089297111	-0.1259841144
-52.7	-0.2774838022	0.0487138166
-52.6	-0.3772396652	-0.0673654002
-52.5	-0.3290243824	0.0954342105
-52.4	-0.2044653871	0.1610766328
-52.3	-0.1219688777	0.2436076564
-52.2	-0.1335989217	0.2396546018
-52.1	0.0505027198	0.4498818206
-52	-0.1878299682	0.2511738589
-51.9	-0.3483962223	-0.0782286381
-51.8	-0.3180406865	-0.0742714552
-51.7	-0.3941462381	0.0707797089
-51.6	-0.4898660972	-0.1419403356
-51.5	-0.4847092676	-0.1215378754
-51.4	-0.5333206152	0.0228625091
-51.3	-0.2050210049	0.5195309035
-51.2	-0.3340277322	0.4743449252
-51.1	-0.2802392298	0.7182744353
-51	-0.2675051636	0.8162421567
-50.9	-0.4818819645	0.5455242916
-50.8	-0.3472589651	0.6831220492
-50.7	-0.2457317214	0.9139555424
-50.6	-0.441577178	0.5878534738
-50.5	-0.6573472675	0.2877959017
-50.4	-0.4575729681	0.4991995771
-50.3	-0.3013180291	0.861823673
-50.2	-0.449829413	0.5952673165
-50.1	-0.3004200744	0.8377762298
-50	-0.491838782	0.5295736086
-49.9	-0.2935401362	0.6405058415
-49.8	-0.264132823	0.8964530697
-49.7	-0.2849158818	0.7715909753
-49.6	-0.212320337	0.7476383117
-49.5	-0.3304334348	0.6920239404
-49.4	-0.4288594312	0.6197446695
-49.3	-0.4491779455	0.5014017204
-49.2	-0.2889941068	0.5957007849
-49.1	-0.2514908685	0.7401664479
-49	-0.3044577535	0.6879247968
-48.9	-0.3104811019	0.6451946275
-48.8	-0.2330730353	0.5854191253
-48.7	-0.1133840979	0.7588122671
-48.6	-0.0371910181	0.8884434203
-48.5	-0.045729969	0.6315361932
-48.4	-0.0568504171	0.6504224531
-48.3	-0.0600104058	0.6101658804
-48.2	0.0454374005	0.7949359671
-48.1	-0.3486348716	0.3582840515
-48	-0.1917032088	0.5534888237
-47.9	-0.2568503957	0.4606072943
-47.8	0.0954421664	0.7751857903
-47.7	0.0611087567	0.7296448067
-47.6	0.013722106	0.5584945873
-47.5	-0.177411321	0.3298429968
-47.4	0.1205596769	0.6196952988
-47.3	-0.0392735582	0.4071017445
-47.2	0.0606838651	0.543042312
-47.1	0.0814059644	0.5110656719
-47	0.209849264	0.6096748249
-46.9	0.2103659327	0.5186053076
-46.8	0.3099210621	0.3505387753
-46.7	0.3733664211	0.3474699457
-46.6	0.360323557	0.3755206332
-46.5	0.4515128961	0.4044642811
-46.4	0.452335824	0.3228058725
-46.3	0.4855655271	0.304597249
-46.2	0.6802308526	0.4517243657
-46.1	0.5875080532	0.4245064424
-46	0.4329122785	0.3244524518
-45.9	0.5230399029	0.5066611038
-45.8	0.5192028551	0.5812019175
-45.7	0.566639551	0.6472582532
-45.6	0.5620397799	0.5686856759
-45.5	0.5636055502	0.3990625748
-45.4	0.6411303981	0.5283847002
-45.3	0.6734876091	0.5550362693
-45.2	0.647217415	0.4669258556
-45.1	0.6791559326	0.4477843631
-45	0.661954382	0.4458696172
-44.9	0.6772593715	0.4789152146
-44.8	0.6316782123	0.4282840101
-44.7	0.7033319616	0.5434506154
-44.6	0.7871265696	0.5322904973
-44.5	0.6841351609	0.4618030619
-44.4	0.5968541849	0.3226914208
-44.3	0.4852226872	0.1849023447
-44.2	0.7123009108	0.5902132635
-44.1	0.6847212714	0.6323075751
-44	0.5655368075	0.4541040779
-43.9	0.4939614196	0.4975500281
-43.8	0.4316733629	0.5444830604
-43.7	0.570672768	0.748361797
-43.6	0.5046038688	0.5347608772
-43.5	0.2861255527	0.2285545393
-43.4	0.4345506577	0.5511198102
-43.3	0.5304700595	0.7179581622
-43.2	0.4937399331	0.6532208974
-43.1	0.3108582757	0.5535253928
-43	0.4108577489	0.6034614001
-42.9	0.4060847997	0.3810125284
-42.8	0.4973265318	0.4781807759
-42.7	0.5320246967	0.4253002268
-42.6	0.5831160739	0.3190396843
-42.5	0.7201866483	0.3801018056
-42.4	0.5123082269	0.0259303852
-42.3	0.7020375961	0.2218773533
-42.2	0.8745281858	0.4324821153
-42.1	0.8685883845	0.4920266635
-42	0.7833827935	0.4988058241
-41.9	0.6309796469	0.404036116
-41.8	0.6497442847	0.4838159252
-41.7	0.7032400266	0.5285192703
-41.6	0.5809653233	0.295974465
-41.5	0.7289934461	0.2687018416
-41.4	0.7110991957	0.2494952483
-41.3	0.8422911155	0.5074694584
-41.2	0.9022685994	0.5546270388
-41.1	0.9548834513	0.5708689769
-41	0.8843604169	0.5500066881
-40.9	0.8262280996	0.44009365
-40.8	0.8873264746	0.4401316929
-40.7	0.9382572047	0.3738052513
-40.6	0.9371123911	0.3611531332
-40.5	0.8186309449	0.6623926136
-40.4	0.4135936184	0.6034669945
-40.3	0.2056961494	0.6636370699
-40.2	0.6462608231	1.0001400653
-40.1	0.5818650745	1.0141240865
-40	0.9730835161	1.1961830236
-39.9	0.7815834509	0.9356505373
-39.8	0.9464879668	0.9371158212
-39.7	0.904356019	0.9226112548
-39.6	1.0088560942	0.8394640578
-39.5	1.0317779569	0.6930110449
-39.4	1.0879596144	0.7372793197
-39.3	1.1494077745	0.6574129235
-39.2	1.2156263001	0.7138768626
-39.1	0.9663285747	0.4630632616
-39	1.2889085343	0.7659375914
-38.9	1.2724916957	0.8005023816
-38.8	1.1744156576	0.5531274576
-38.7	1.22021511	0.5404531958
-38.6	1.1220027471	0.4233351563
-38.5	1.1077032868	0.5053303617
-38.4	1.1569001692	0.6164715082
-38.3	1.1949213535	0.5383650118
-38.2	1.2394807946	0.666186242
-38.1	1.27022367	0.681239068
-38	1.3707016858	0.5772058407
-37.9	1.3770782962	0.5240847143
-37.8	1.3695892564	0.5833873584
-37.7	1.2868480207	0.6221908026
-37.6	1.2235274092	0.9039473184
-37.5	1.1184787507	0.9227329449
-37.4	1.1573757566	0.9629503402
-37.3	0.9657322744	0.7913684013
-37.2	1.025049215	0.8311133361
-37.1	1.0038179537	0.8570629826
-37	0.9667780711	1.1032193414
-36.9	0.7040046652	0.8250899056
-36.8	0.9366520175	1.1225935513
-36.7	0.9223232774	1.045243706
-36.6	1.140268996	1.3071027776
-36.5	1.2287646207	1.280726823
-36.4	1.3543456309	1.4577622862
-36.3	1.1584358614	1.059060663
-36.2	1.3550876933	1.1469321137
-36.1	1.3032252524	0.8740694183
-36	1.4753197379	0.9977262085
-35.9	1.1892113405	0.7194402555
-35.8	0.9987962439	0.6432483228
-35.7	1.2996048326	0.7954113877
-35.6	1.4571084818	1.0183685761
-35.5	1.4571084818	1.0183685761
-35.4	1.4866118089	0.6688952003
-35.3	1.476946354	0.705492586
-35.2	1.4878606452	0.7730598274
-35.1	1.4874792934	0.7192132285
-35	1.4000374902	0.6226871395
-34.9	1.2725065303	0.5214264609
-34.8	1.4990646647	0.8011560506
-34.7	1.4106483319	0.7936233407
-34.6	1.3552538078	0.7283041846
-34.5	1.5220775182	0.8305693068
-34.4	1.2201890933	0.5707794398
-34.3	1.3516884407	0.5170796992
-34.2	1.3877606603	0.3268613501
-34.1	1.4304278635	0.4678586596
-34	1.7474649538	1.0232414943
-33.9	1.7716686075	0.9703194247
-33.8	1.7164703875	0.945287384
-33.7	2.3038845365	1.1342869997
-33.6	2.4946363007	1.5941364688
-33.5	2.5110470307	1.4161873942
-33.4	2.3675117908	1.3287350206
-33.3	2.3737667162	1.3416350957
-33.2	2.1298199117	1.0771279341
-33.1	2.1756195657	0.9232666811
-33	2.1321748529	0.9623301341
-32.9	2.2336694922	0.933977404
-32.8	2.4328598588	1.0310347479
-32.7	2.284396571	0.9878430856
-32.6	2.258398774	0.8297766342
-32.5	2.3406447277	0.8992533171
-32.4	2.3846702404	0.880300325
-32.3	2.0364000295	0.6653587397
-32.2	1.8746018013	0.4735925183
-32.1	1.9355251776	0.7349761353
-32	2.0995487709	0.9325678165
-31.9	2.0757293987	0.7148263034
-31.8	2.2168615393	0.639634351
-31.7	2.1095894214	0.6766301053
-31.6	2.1456796648	0.9420141939
-31.5	2.1608212743	0.9222533111
-31.4	2.2494073628	0.6910786765
-31.3	2.2884194432	0.6861161651
-31.2	2.3400739519	1.046558409
-31.1	2.2351877492	0.7837714153
-31	2.2536898417	0.9669265912
-30.9	2.4639651174	1.0024817464
-30.8	2.350619103	0.831770906
-30.7	2.2179327428	0.8074263881
-30.6	2.4110500269	0.707270817
-30.5	2.3475321777	0.7761845404
-30.4	2.4526647316	0.6726086149
-30.3	2.1855036622	0.5190271605
-30.2	2.4582841699	0.6589765451
-30.1	2.346538617	0.5219485555
-30	2.2311214109	0.4498068294
-29.9	2.2275025859	0.4329442062
-29.8	2.1919068598	0.2673984319
-29.7	2.1923826587	0.4578712793
-29.6	2.2698980765	0.4268668471
-29.5	2.3766585206	0.5436927397
-29.4	1.9998903122	0.2336704177
-29.3	2.4793061942	0.3650305991
-29.2	2.3249605794	0.3196342737
-29.1	2.3288572862	0.3366751584
-29	2.3330454443	0.4606875657
-28.9	2.4535451124	0.3882146407
-28.8	2.424498343	0.2764687305
-28.7	2.3216818518	0.1239005843
-28.6	2.2727271957	0.1972434452
-28.5	2.2646642949	0.0791740037
-28.4	2.3359615015	0.339368396
-28.3	2.539357059	0.450414939
-28.2	2.0722392782	0.1670308775
-28.1	2.1786272372	0.1003743081
-28	2.3631552278	0.2493977253
-27.9	2.3663201782	0.4300621801
-27.8	2.6068436713	0.529220005
-27.7	2.6270061167	0.2810734685
-27.6	2.5019047538	0.4464711381
-27.5	2.5044181931	0.6360389196
-27.4	2.5450191694	0.4262758934
-27.3	2.6087452597	0.4357178495
-27.2	2.3116251852	0.2596611016
-27.1	2.576173426	0.5045159136
-27	2.6229482462	0.4789307903
-26.9	2.6524295484	0.4977174967
-26.8	2.5749721317	0.6045781359
-26.7	2.2914953025	0.4673800275
-26.6	2.5545456321	0.3822926777
-26.5	2.3928129802	0.3360557253
-26.4	2.4751843483	0.4799774463
-26.3	2.3335434148	0.6788654197
-26.2	2.4962550581	0.4741830612
-26.1	2.4438048447	0.4630468387
-26	2.3050813607	0.5332857351
-25.9	2.4368566902	0.6991177041
-25.8	2.2475443598	0.6463967014
-25.7	2.3132962557	0.6135189098
-25.6	2.4239541577	0.7234755495
-25.5	2.2809170092	0.5752222871
-25.4	2.2595275003	0.3592788684
-25.3	2.2845006437	0.4447874405
-25.2	2.3048894385	0.4936748574
-25.1	2.1873871579	0.4270341381
-25	2.287117239	0.3359268235
-24.9	2.1379226634	0.2504712437
-24.8	2.2600276835	0.5435899645
-24.7	2.2215144931	0.626883328
-24.6	2.01642992	0.3556035416
-24.5	2.2818563459	0.5491578417
-24.4	2.1973938415	0.6903022248
-24.3	2.194515818	0.7734353172
-24.2	2.0947051985	0.4492184493
-24.1	2.0896099998	0.4814179088
-24	1.9704114211	0.4383198845
-23.9	2.0991519064	0.700710332
-23.8	1.9942448884	0.4936977959
-23.7	2.0772419879	0.437949706
-23.6	2.3789911962	0.8315706476
-23.5	2.2363388201	0.9323277299
-23.4	2.1277260523	0.8069078784
-23.3	2.166596362	0.5281316746
-23.2	2.495677078	1.0096262283
-23.1	2.6713134067	1.0290875169
-23	2.2494728668	1.0007987324
-22.9	2.0876078012	0.9026778893
-22.8	1.9784533892	0.8668496926
-22.7	2.1479813149	0.9754126184
-22.6	2.3726536164	0.9777291728
-22.5	2.2385136662	0.9182475748
-22.4	2.2339916589	1.0183305381
-22.3	2.411402528	1.1584995959
-22.2	2.2412466977	1.0882884575
-22.1	2.1807684166	1.0075989205
-22	2.178241839	0.8561847259
-21.9	2.3342560927	1.1513175628
-21.8	2.2005541514	1.0049318264
-21.7	2.081283756	0.6641744452
-21.6	2.2912489431	0.4464604203
-21.5	2.3114104269	0.5278325645
-21.4	2.3421005572	0.7129111958
-21.3	1.8812785125	0.5363583806
-21.2	2.5558767112	0.5850759581
-21.1	2.3314514803	0.8378160775
-21	2.4142945652	0.753216578
-20.9	2.1396654287	0.5587407837
-20.8	2.0018832313	0.4521399086
-20.7	2.2608014209	0.7108035623
-20.6	2.3822384522	0.7688009175
-20.5	2.2801949639	0.7107674286
-20.4	2.0276078842	0.4365247045
-20.3	2.0109232818	0.538518292
-20.2	2.3624796209	0.6450810108
-20.1	2.1465202771	0.713145403
-20	2.2659311786	0.4607820468
-19.9	2.5054791291	0.5929107484
-19.8	2.6410950995	0.7693235043
-19.7	2.2341246064	0.540802426
-19.6	2.5101484379	0.7656469082
-19.5	2.6226037226	0.8588373552
-19.4	2.6709479081	0.8200058082
-19.3	2.248948396	0.7842851196
-19.2	2.2525136195	0.6656549312
-19.1	2.3577557279	0.7541173506
-19	2.4288162046	0.7940656169
-18.9	2.3961321738	0.7251104933
-18.8	2.050885148	0.4733786606
-18.7	2.3313314417	0.5266515591
-18.6	2.3761717833	0.6254030588
-18.5	2.3440400881	0.5944531062
-18.4	2.4825565809	0.5163102069
-18.3	2.3413754052	0.6724233059
-18.2	2.2506236784	0.5013682648
-18.1	2.2851607013	0.5517379839
-18	2.3838209076	0.5430621738
-17.9	2.4778723795	0.6341652569
-17.8	2.0732728715	0.5392268894
-17.7	2.0746473442	0.5004907719
-17.6	2.2971018819	0.5433061194
-17.5	2.0772633373	0.5535905182
-17.4	2.0189591857	0.4761782749
-17.3	1.8236505454	0.5251550259
-17.2	2.1517482797	0.7717833222
-17.1	1.9399268301	0.6666016049
-17	2.2502155018	0.7748196191
-16.9	1.7007651939	0.6361958289
-16.8	1.8718236618	0.7201405572
-16.7	2.0974639366	0.9356073241
-16.6	1.9025265506	1.2704970534
-16.5	1.7268579157	1.1098506951
-16.4	1.8156063975	1.0599954022
-16.3	2.0370485593	1.0736542381
-16.2	1.8179214371	1.1941276989
-16.1	2.0318686681	1.6354666899
-16	1.4831390104	1.0709186846
-15.9	2.1564887585	1.5398224688
-15.8	2.0864162653	1.4203096765
-15.7	1.9772395091	1.3598048911
-15.6	1.5828426614	0.9806715506
-15.5	1.8810201833	1.397415487
-15.4	2.288696689	1.5743572445
-15.3	1.924099666	1.3828952987
-15.2	1.6220156544	1.0668171662
-15.1	1.7806392885	1.0407640783
-15	2.0962853492	1.3623888792
-14.9	2.185595247	1.2990945679
-14.8	2.0816611438	1.1837521992
-14.7	2.1030818414	1.2782692937
-14.6	2.059313034	1.445093304
-14.5	1.9563120255	1.296649304
-14.4	2.3237984075	1.4245677579
-14.3	2.0605366449	1.2516732691
-14.2	2.2716977348	1.2135772023
-14.1	2.1794596062	1.3379151154
-14	2.111567495	1.108050881
-13.9	1.8658615715	0.9929923413
-13.8	2.5871385032	1.2476786977
-13.7	2.596209976	1.5763998876
-13.6	2.6548859708	1.2018393107
-13.5	2.5139534437	0.8597292228
-13.4	2.7385700059	0.974912774
-13.3	2.8669934066	0.9604568251
-13.2	2.6667682734	0.9546756022
-13.1	2.6693307083	0.7316615259
-13	3.1402848609	0.7683512762
-12.9	3.0895121736	0.7495881852
-12.8	2.9018610022	0.6623072358
-12.7	2.9961718521	0.750152951
-12.6	2.8331048977	0.7026240746
-12.5	2.8897536985	0.7966835464
-12.4	2.906205596	0.5868081354
-12.3	3.0202544247	0.4027191433
-12.2	2.8204707242	0.5281699146
-12.1	2.7432679868	0.1869215529
-12	2.6611825165	0.3434105808
-11.9	3.1200848897	0.5735381177
-11.8	2.7286943804	0.6061532782
-11.7	3.0444567327	0.6836329338
-11.6	2.8297011864	0.9136606521
-11.5	2.9825701797	0.7629275984
-11.4	2.8399514694	0.3217490697
-11.3	2.9108406261	0.3192469344
-11.2	3.1438384026	0.4414340478
-11.1	3.087579957	0.455547693
-11	2.9409534187	0.5050411466
-10.9	2.9811945206	0.3449268868
-10.8	3.0521095504	0.0356204611
-10.7	2.5728944685	0.147309243
-10.6	2.8672054769	0.340145847
-10.5	2.9418116326	0.5427271885
-10.4	2.9148383236	0.7109074956
-10.3	2.8859771835	0.7448914041
-10.2	2.8451497255	0.5300854234
-10.1	3.0712871821	0.6347544852
-10	2.8361466228	0.5885829893
-9.9	3.1731560584	-8.05549e-05
-9.8	2.9499801906	0.4274353522
-9.7	3.1960673931	0.350294599
-9.6	2.7791363726	0.4044728173
-9.5	3.2257111293	0.2976896846
-9.4	2.9726131135	0.4299258432
-9.3	3.1742241153	0.4060386468
-9.2	3.1418353368	0.5883861832
-9.1	3.0522950639	0.5511893678
-9	3.0998515391	0.4724017555
-8.9	3.3021914317	0.8665234935
-8.8	3.2725794284	0.7263562447
-8.7	3.2790927627	0.6241935332
-8.6	3.4512942387	0.924952907
-8.5	3.1223252224	0.8494081223
-8.4	3.2316332501	0.6011921144
-8.3	3.1975126474	0.6401227134
-8.2	3.1997976315	0.7083792113
-8.1	3.1877443219	0.5301315291
-8	3.0469037814	0.2548331331
-7.9	3.2937576842	0.2163479765
-7.8	3.078382095	0.6570640085
-7.7	3.3332480798	0.7216453053
-7.6	2.9435451186	0.7933416118
-7.5	3.0746366585	0.3856658019
-7.4	2.9668664212	0.4693944897
-7.3	3.1655281528	0.2131379944
-7.2	3.0455096331	0.3801905624
-7.1	3.1837392303	0.2658270073
-7	3.0294788144	0.04976311
-6.9	3.1719089683	-0.2462865965
-6.8	3.2630831274	-0.1064914939
-6.7	3.1692781541	-0.3979533929
-6.6	3.2999516246	-0.1556580268
-6.5	3.3117622985	-0.2244461173
-6.4	3.3161514407	-0.265372728
-6.3	3.1249338151	-0.1757427817
-6.2	3.1482201872	-0.2712034186
-6.1	3.1210128897	-0.1450394896
-6	3.2989656834	-0.4029938604
-5.9	3.1375334693	-0.4526498323
-5.8	3.4114227468	-0.1811394368
-5.7	3.3184564264	0.0731067122
-5.6	3.3168042018	0.0343254159
-5.5	3.2348427449	0.0515991506
-5.4	3.0113093112	-0.0334780744
-5.3	3.2799714341	0.1354658341
-5.2	3.1714502818	-0.1125359529
-5.1	3.2940245735	-0.2659110245
-5	3.1369620965	-0.3375224967
-4.9	3.491756576	-0.079328408
-4.8	3.2917790693	-0.0927278224
-4.7	3.2626223473	-0.1707642874
-4.6	3.2359390115	-0.2097128422
-4.5	3.2632857512	-0.0423285335
-4.4	3.1983671727	-0.0696215191
-4.3	3.1920541156	-0.1365755951
-4.2	3.176114754	-0.3778387782
-4.1	3.3130315638	-0.1517816783
-4	3.266567612	-0.1438990171
-3.9	3.2109762462	-0.1542688491
-3.8	3.2544013963	-0.1189339646
-3.7	3.2287991824	-0.2589698227
-3.6	3.0873842074	-0.0484239667
-3.5	3.1780285156	-0.1022637045
-3.4	3.2980384766	-0.2749792562
-3.3	4.0690344573	-0.5436060722
-3.2	3.196673435	0.1041272277
-3.1	3.4191493992	-0.3361486392
-3	3.6926214833	-0.4081370086
-2.9	3.518949682	-0.4331016846
-2.8	3.7817710579	-0.519270908
-2.7	3.9518612052	-0.6493450026
-2.6	3.959893428	-0.7258208544
-2.5	3.8351640733	-0.5220783523
-2.4	3.6003087194	-0.3177176587
-2.3	3.4297077215	-0.3842766377
-2.2	4.1164944579	-0.6532420737
-2.1	3.5864495236	-0.2752941326
-2	4.097203214	-0.4134888604
-1.9	4.0637851376	-0.5270413895
-1.8	4.0570897832	-0.6724289073
-1.7	4.0490876797	-0.6714406245
-1.6	4.0645717201	-0.2181499691
-1.5	3.5953013942	-0.1249340396
-1.4	3.7338581044	-0.0486130368
-1.3	4.275599042	-0.7362474339
-1.2	4.7266325757	-0.8272534416
-1.1	4.5056253656	-0.6803561532
-1	4.0558273422	-0.2189930109
-0.9	4.6005196577	-0.7309538398
-0.8	4.9878266184	-1.2320814167
-0.7	3.9871483744	-0.3312386137
-0.6	4.3237720327	-0.3057639533
-0.5	4.3130692497	-0.0760034286
-0.4	4.073960652	-0.2768994303
-0.3	4.639681482	-0.7055342762
-0.2	3.9346566641	-0.3601164816
-0.1	4.2682101334	-0.2754832994
0	3.6405243311	-0.1011166816
