""	"output_series_d18O"	"output_series_d13C"
-67	0.8091816898	1.3485084714
-66.95	0.7344953488	1.3765397795
-66.9	0.6927542287	1.349772507
-66.85	0.7658082656	1.3828691532
-66.8	0.73650066	1.3876262951
-66.75	0.7082847096	1.2733042244
-66.7	0.6819443917	1.1777574571
-66.65	0.6413171269	1.112126515
-66.6	0.6481845316	1.2079808241
-66.55	0.5802065492	1.1745703619
-66.5	0.5745109755	1.0581341501
-66.45	0.515401674	1.1294080682
-66.4	0.5287366827	1.2289288053
-66.35	0.6428506863	1.5868735456
-66.3	0.1884421995	1.4373608373
-66.25	-0.0691192158	1.2028322244
-66.2	0.0689483945	1.4815322005
-66.15	0.1769993966	1.517182664
-66.1	0.3095966527	1.4728989948
-66.05	0.6312105842	1.858297517
-66	0.6071050362	2.0720200968
-65.95	0.3986044204	1.8021983763
-65.9	0.450270566	1.6609326159
-65.85	0.3801109192	1.4364650737
-65.8	0.3793811879	1.3745532683
-65.75	0.3484438211	1.3743209025
-65.7	0.3997355802	1.3672272115
-65.65	0.2292601416	1.3446365848
-65.6	0.1607992798	1.199091391
-65.55	0.2019927162	1.1897255841
-65.5	0.2112426921	1.1690026058
-65.45	0.1732009681	1.1459794319
-65.4	0.1178073579	1.0615297681
-65.35	0.1227778684	0.9768607217
-65.3	0.1908796272	0.9508076835
-65.25	0.0677490365	0.7885384414
-65.2	0.1154403462	1.0708916115
-65.15	0.0599848123	1.0250140417
-65.1	0.1493375056	1.2084226204
-65.05	0.2210118928	1.242567825
-65	0.2501736525	1.2411434637
-64.95	0.1178832857	1.1108948585
-64.9	0.1720695148	1.2124816329
-64.85	0.1722605156	1.1977813574
-64.8	0.3050791485	1.2749104152
-64.75	0.1943912576	1.1372020672
-64.7	0.1357825179	1.0663354355
-64.65	0.1708256741	1.0423776722
-64.6	0.1241239528	0.9542285071
-64.55	0.1865464723	1.0165839763
-64.5	0.1651137866	0.974417766
-64.45	0.2234208036	0.9946559718
-64.4	0.3268117251	1.0833026089
-64.35	0.307400624	1.196836655
-64.3	0.2706980366	1.1841874678
-64.25	0.3448434427	1.2402861102
-64.2	0.2445982763	1.2626339838
-64.15	0.1859904622	1.1080506788
-64.1	0.1675404148	0.9970782239
-64.05	0.1497143106	0.9842790569
-64	0.2660100338	1.0594766398
-63.95	0.2208406926	1.01545719
-63.9	0.2012009376	1.0936336359
-63.85	0.0380330722	1.0150430383
-63.8	0.2931420188	1.2266741683
-63.75	0.1907247146	1.0821018776
-63.7	0.1199431562	0.9979668761
-63.65	0.0150384659	0.9673020288
-63.6	0.0403902314	0.835213952
-63.55	0.0949931353	0.9570050144
-63.5	0.0969019985	1.0343877242
-63.45	0.3081641387	1.0672352399
-63.4	0.1329653046	0.9482422705
-63.35	0.0355914621	0.7644840003
-63.3	0.2422055702	1.0103690107
-63.25	0.1320654571	0.7595848248
-63.2	0.3136027022	0.9456012676
-63.15	0.3066076409	0.9902886725
-63.1	0.3954971497	1.1506873333
-63.05	0.1228667511	1.0783867049
-63	0.297463091	1.1425260305
-62.95	0.1889905335	0.9620967557
-62.9	0.1485688465	1.0076041983
-62.85	0.1749587956	0.9549665139
-62.8	0.4784273604	1.1508283395
-62.75	0.5497644451	1.1814794179
-62.7	0.4423053888	1.1434855209
-62.65	0.4278330181	1.0760021983
-62.6	0.3804084394	1.052253204
-62.55	0.3267211146	0.8760766299
-62.5	0.4279812522	0.8725316353
-62.45	0.5229694828	0.9754296821
-62.4	0.5645417284	0.813130384
-62.35	0.6047631755	0.9478011091
-62.3	0.6696285572	0.9611935922
-62.25	0.744579744	1.1606250357
-62.2	0.7168777754	1.160179876
-62.15	0.5558220725	0.9523509945
-62.1	0.2086013925	0.3732252118
-62.05	0.4126876999	0.7372273175
-62	0.3231368958	0.6141023671
-61.95	0.636189219	1.0754796229
-61.9	0.5048359765	0.9361807845
-61.85	0.5389059706	0.8758254357
-61.8	0.5863943684	0.9328271435
-61.75	0.396922541	0.7491176255
-61.7	0.4262101683	0.8021763584
-61.65	0.4587910076	0.9372087509
-61.6	0.4526893567	0.9848810927
-61.55	0.6547374888	1.233154249
-61.5	0.4838821488	1.0487177567
-61.45	0.5181253726	1.2480682983
-61.4	0.2944850568	1.0526863307
-61.35	0.1598728466	0.7942624468
-61.3	0.2427720417	0.7944672308
-61.25	0.3321362907	0.7169372657
-61.2	0.5803858583	0.9312079771
-61.15	0.5902611839	1.1141155695
-61.1	0.691973329	1.3832423321
-61.05	0.5506745854	1.3235638393
-61	0.7029180764	1.4771346504
-60.95	0.5894134468	1.3143319578
-60.9	0.6555673396	1.4895729236
-60.85	0.5234951936	1.3713552413
-60.8	0.6851386662	1.5781972705
-60.75	0.6179676461	1.5714902316
-60.7	0.7284110864	1.6173406186
-60.65	0.6875201174	1.5016701439
-60.6	0.697238202	1.4927253999
-60.55	0.7126371638	1.6044372408
-60.5	0.5803488659	1.3393630359
-60.45	0.6932613805	1.4674317687
-60.4	0.5937841866	1.3676789205
-60.35	0.7144461604	1.6223674961
-60.3	0.5793165109	1.5119249615
-60.25	0.666330052	1.5759841589
-60.2	0.7502026105	1.6162873379
-60.15	0.8108822185	1.7029869383
-60.1	0.6639190589	1.4794461032
-60.05	0.7272891015	1.5303564543
-60	0.5464875756	1.2920006761
-59.95	0.7422315688	1.5684086089
-59.9	0.5970949561	1.3705384902
-59.85	0.716642221	1.4559614052
-59.8	0.7391220049	1.5638976776
-59.75	0.6196903327	1.3446326286
-59.7	0.6798669613	1.4379124011
-59.65	0.6350281514	1.3904967386
-59.6	0.5781597549	1.3086846935
-59.55	0.7879454624	1.6002740977
-59.5	0.8431346628	1.6739670142
-59.45	0.7522841253	1.5994914867
-59.4	0.7799579528	1.6329153389
-59.35	0.7845964188	1.8023970644
-59.3	0.5797324289	2.0284614507
-59.25	0.5604505439	1.8567911653
-59.2	0.8213816856	2.0694328867
-59.15	0.8182530638	1.9771362223
-59.1	0.8155252439	2.0142466179
-59.05	0.8176634952	2.1357814654
-59	0.8115575828	2.2246870393
-58.95	0.5715121776	2.0089869032
-58.9	0.7032418764	2.0444287247
-58.85	0.6827553017	1.9093181901
-58.8	0.6621576766	1.9728638522
-58.75	0.6037710197	1.9493244949
-58.7	0.5931600808	2.0680892649
-58.65	0.6457733002	2.1393704293
-58.6	0.6931955214	2.1539857613
-58.55	0.6512014562	2.104017057
-58.5	0.5061312139	2.0235097223
-58.45	0.5544714553	2.0965209142
-58.4	0.6653875425	1.996634057
-58.35	0.7177257472	1.8306314451
-58.3	0.7053045841	2.0343395893
-58.25	0.6381943599	1.9092311946
-58.2	0.6729492895	1.9867912245
-58.15	0.3918836354	1.6814194877
-58.1	0.268936665	1.9120001299
-58.05	0.3043251603	2.3271129702
-58	0.2501122731	2.200225543
-57.95	0.4856355021	2.2951600688
-57.9	0.3864540776	2.2674912988
-57.85	0.384979411	2.2950792612
-57.8	0.40607909	2.3306417664
-57.75	0.325383098	2.2060848994
-57.7	0.2724105257	2.1207289982
-57.65	0.1847985486	2.0109642629
-57.6	0.2406841	2.0983448008
-57.55	0.2366651381	2.1110421241
-57.5	0.2909137293	2.0772909182
-57.45	0.3153593737	2.168722742
-57.4	0.3607364297	2.2536142227
-57.35	0.1436771653	1.7618229924
-57.3	0.2691037852	1.9653584034
-57.25	0.1120401485	1.6203619239
-57.2	0.2227595339	1.8534103616
-57.15	0.2619691412	1.8331711106
-57.1	0.4864589202	1.9967947685
-57.05	0.4576626485	2.0879977277
-57	0.3156951762	2.0588945893
-56.95	0.1212547544	1.6674835013
-56.9	0.2203418221	1.7920850393
-56.85	0.0371367303	1.4869801885
-56.8	0.1703615991	1.8394770845
-56.75	0.126624512	1.5527520065
-56.7	0.3011527328	1.8818348069
-56.65	0.1990870593	1.7911376133
-56.6	0.2510681491	1.7620383557
-56.55	0.2158349391	1.6737507855
-56.5	0.2357040772	1.6304369745
-56.45	0.0763848748	1.3178128708
-56.4	0.1148053354	1.4227895265
-56.35	0.1969087555	1.5043136114
-56.3	0.2360320658	1.4523070338
-56.25	0.382066705	1.4790430551
-56.2	0.2721984888	1.3054761677
-56.15	0.1980130685	1.1628361142
-56.1	0.0982128568	0.9739143869
-56.05	0.263257436	1.0587347316
-56	0.1888677862	1.0765850188
-55.95	-0.0281580946	1.11616578
-55.9	-1.7684533093	-1.4516070976
-55.85	-1.7272567258	-1.7507910089
-55.8	-0.3323086449	-0.0949948281
-55.75	0.0069864259	0.5262541056
-55.7	-0.0496322047	0.6773497884
-55.65	-0.1974188454	0.5694950163
-55.6	-0.0002902963	0.8785194779
-55.55	-0.2483456874	0.6148559675
-55.5	-0.0684274691	0.8437400574
-55.45	-0.1910961025	0.7527344121
-55.4	-0.1885044031	0.7306539669
-55.35	-0.2705133372	0.5928641058
-55.3	-0.2027210891	0.67053151
-55.25	-0.3665235952	0.4136508398
-55.2	-0.0162130054	0.820294906
-55.15	0.0097003426	0.735594558
-55.1	0.0066668058	0.7698831724
-55.05	0.0559943633	0.8136510072
-55	0.0897059571	0.8395909201
-54.95	0.1256676673	0.75641833
-54.9	0.085064925	0.5877522257
-54.85	-0.0753524514	0.3694823462
-54.8	-0.0132679454	0.4406031841
-54.75	-0.2037930591	0.3778091591
-54.7	0.05490195	0.4546001858
-54.65	-0.0010205035	0.4346304424
-54.6	0.110833066	0.5025437977
-54.55	-0.175245548	0.2582493248
-54.5	-0.4050438738	0.0672822812
-54.45	-0.3218648213	-0.0888801846
-54.4	-0.1176055136	0.0816878224
-54.35	-0.1968321831	-0.0215411838
-54.3	-0.3047046483	-0.1228798989
-54.25	-0.0720457296	0.2328282381
-54.2	-0.170554061	0.1443425739
-54.15	-0.1643493181	0.1648362753
-54.1	-0.1480126971	0.1689084368
-54.05	-0.7494963912	-0.8949738293
-54	-0.2071144455	-0.0696772852
-53.95	-0.5860531048	-0.5596862259
-53.9	-0.1850578968	0.0464012044
-53.85	-0.2528369605	0.0650603396
-53.8	-0.1998094989	0.1874921507
-53.75	-0.2180956889	0.1473980252
-53.7	-0.2122846538	0.1760514055
-53.65	-0.4006357548	-0.2266115646
-53.6	-0.4111182519	-0.1540545372
-53.55	-0.5675983154	-0.3845637692
-53.5	-0.2833278572	0.066968489
-53.45	-0.2105654751	0.2017752852
-53.4	-0.2541227701	0.1717159028
-53.35	-0.4423439845	0.0268835161
-53.3	-0.5303056531	-0.2360071147
-53.25	-0.5319726635	-0.2862902195
-53.2	-0.3644797561	-0.1812260918
-53.15	-0.3518176567	-0.1369946699
-53.1	-0.4863793974	-0.2258238605
-53.05	-0.4603230419	-0.0831989861
-53	-0.3947444808	-0.0527314702
-52.95	-0.5068582728	-0.2283270218
-52.9	-0.4931134581	-0.1453955474
-52.85	-0.7466473546	-0.6987728335
-52.8	-0.3088744935	-0.1260093747
-52.75	-0.476049177	-0.3029463076
-52.7	-0.2775417537	0.0487403301
-52.65	-0.3691927076	0.0002254155
-52.6	-0.3772556352	-0.0673580943
-52.55	-0.4124837155	-0.0706285844
-52.5	-0.3289916763	0.0954192511
-52.45	-0.7058630145	-0.4526204446
-52.4	-0.2044301891	0.1610543995
-52.35	-0.3785619722	-0.1544320643
-52.3	-0.1219712071	0.2436092429
-52.25	-0.252793271	0.0822464208
-52.2	-0.1335768672	0.2396395807
-52.15	-0.2969061325	0.1348146281
-52.1	0.0504857391	0.449893386
-52.05	-0.2066029258	0.1784226229
-52	-0.1879068453	0.2512262185
-51.95	-0.5065663395	-0.2937444037
-51.9	-0.3482444627	-0.0783319051
-51.85	-0.2389060412	-0.0177827628
-51.8	-0.3179666959	-0.0743218651
-51.75	-0.4569089761	-0.1250909672
-51.7	-0.3940906116	0.0707418233
-51.65	-0.4349227172	-0.0202427959
-51.6	-0.4896937552	-0.1420578235
-51.55	-0.8157451436	-0.704478529
-51.5	-0.4847903124	-0.1214826657
-51.45	-0.6128413057	-0.1953290331
-51.4	-0.5326893805	0.0224326673
-51.35	-0.2823243324	0.3847097523
-51.3	-0.205328066	0.5197400433
-51.25	-0.2967301681	0.2929254668
-51.2	-0.3340150358	0.4743362778
-51.15	-0.4318424587	0.4911634761
-51.1	-0.2802997705	0.7183156687
-51.05	-0.2615075867	0.6553871875
-51	-0.2674993946	0.8162382275
-50.95	-0.5080084279	0.3810695758
-50.9	-0.4817564689	0.5454388192
-50.85	-0.6683610122	0.1386827752
-50.8	-0.3478969313	0.6835565747
-50.75	-0.4261143068	0.5551016325
-50.7	-0.2455629868	0.9138406207
-50.65	-0.3314469289	0.595536443
-50.6	-0.4415965587	0.5878666738
-50.55	-0.2511049825	0.9135616803
-50.5	-0.6573683948	0.2878102913
-50.45	-0.3636465602	0.6146280313
-50.4	-0.4575759203	0.4992015879
-50.35	-0.2922238694	0.6483868384
-50.3	-0.3013566928	0.8618500064
-50.25	-0.3336925474	0.7789406427
-50.2	-0.4497420903	0.5952078426
-50.15	-0.2678593807	0.811729307
-50.1	-0.3003869349	0.8377536591
-50.05	-0.4267511593	0.5872715034
-50	-0.4918596011	0.5295877901
-49.95	-0.6890583509	0.07622194
-49.9	-0.2935347535	0.6405034408
-49.85	-0.4399419674	0.6313048283
-49.8	-0.2640537019	0.8964177821
-49.75	-0.4189451443	0.6933123186
-49.7	-0.284895303	0.7715817918
-49.65	-0.4907048794	0.4579906962
-49.6	-0.2118520505	0.7474294845
-49.55	-0.4556946096	0.4031990691
-49.5	-0.331462075	0.6924826945
-49.45	-0.4628937175	0.5547093563
-49.4	-0.4288536313	0.6197419429
-49.35	-0.5669489686	0.4089654832
-49.3	-0.4493599559	0.5014828839
-49.25	-0.6912383249	0.0878530849
-49.2	-0.2887319111	0.5955837736
-49.15	-0.3902384334	0.4885493195
-49.1	-0.2515452637	0.740190704
-49.05	-0.2572820442	0.8047947928
-49	-0.3042128166	0.687815553
-48.95	-0.1858297003	0.7956903153
-48.9	-0.3105115574	0.6452082059
-48.85	-0.625084407	0.0884028399
-48.8	-0.2331573954	0.5854567536
-48.75	-0.1145762592	0.6673094522
-48.7	-0.1133507098	0.758797376
-48.65	0.0001418224	0.9213375745
-48.6	-0.0370653835	0.8884321097
-48.55	0.0017906835	0.8801793926
-48.5	-0.0452735048	0.6313325068
-48.45	-0.3882756319	0.2221414256
-48.4	-0.0566464731	0.6503317546
-48.35	-0.0666733258	0.5893890529
-48.3	-0.060039516	0.6101789887
-48.25	-0.0902580468	0.5219064792
-48.2	0.0454613965	0.794925364
-48.15	-0.0136352828	0.7243827889
-48.1	-0.3486453605	0.3582879223
-48.05	-0.1547334299	0.5880326602
-48	-0.1917293868	0.5534984843
-47.95	-0.2074235301	0.4981236398
-47.9	-0.2572954227	0.4607715265
-47.85	-0.3250991992	0.3378783594
-47.8	0.0960493139	0.7749617295
-47.75	0.062038144	0.7381927652
-47.7	0.0611428259	0.7296322338
-47.65	0.0110879703	0.628067408
-47.6	0.013440908	0.558598541
-47.55	-0.0097361724	0.6077290361
-47.5	-0.1768556387	0.3297213014
-47.45	0.0483725968	0.5430480035
-47.4	0.120677482	0.6196518257
-47.35	-0.0043012753	0.4248974558
-47.3	-0.0392557354	0.4070954053
-47.25	-0.1672243603	0.1268474602
-47.2	0.0606601034	0.5430508366
-47.15	-0.1473245335	0.2555418437
-47.1	0.081962954	0.5108602684
-47.05	0.1996324225	0.6409472406
-47	0.2098343387	0.6096867535
-46.95	0.2382530574	0.5754027553
-46.9	0.2106654213	0.5184851552
-46.85	0.2230131504	0.3707527463
-46.8	0.3103263463	0.3503785815
-46.75	0.1778626239	0.1509413568
-46.7	0.3724381766	0.3478153151
-46.65	0.3413883995	0.2879481466
-46.6	0.3603280418	0.3755166939
-46.55	0.4440228498	0.4223985238
-46.5	0.4515547966	0.4044489162
-46.45	0.4782086574	0.4038352133
-46.4	0.4523820583	0.3227869921
-46.35	0.4570353999	0.2777010622
-46.3	0.48577365	0.3045153074
-46.25	0.6274983761	0.420474965
-46.2	0.6801335195	0.4517666484
-46.15	0.6624404865	0.4661327403
-46.1	0.5875328571	0.4244950281
-46.05	0.6035320694	0.489040819
-46	0.4323801704	0.3246665678
-45.95	0.5593315134	0.4987128287
-45.9	0.5228802698	0.5067247708
-45.85	0.6129218381	0.6180861621
-45.8	0.5190974566	0.5812389357
-45.75	0.5643271593	0.6748277767
-45.7	0.5663293199	0.6473740634
-45.65	0.5362280105	0.5858580815
-45.6	0.5620932808	0.568659204
-45.55	0.5865722817	0.548791512
-45.5	0.5636336411	0.3990508857
-45.45	0.6277727378	0.5354255141
-45.4	0.6414767099	0.5282528275
-45.35	0.6724672514	0.5429307815
-45.3	0.6732976706	0.5551110637
-45.25	0.5721190714	0.412782212
-45.2	0.6473816967	0.4668828762
-45.15	0.5820453585	0.3795607454
-45.1	0.6791804723	0.4477753099
-45.05	0.6929310542	0.4444950848
-45	0.6624888398	0.4456317638
-44.95	0.7642225924	0.5080585816
-44.9	0.6741954822	0.4801022532
-44.85	0.6692925023	0.5103977636
-44.8	0.6315994932	0.4283155652
-44.75	0.6841387389	0.5007315942
-44.7	0.7036484704	0.5433367762
-44.65	0.7803819949	0.5853057632
-44.6	0.7871590758	0.5322737715
-44.55	0.7458117144	0.5175980462
-44.5	0.6844930727	0.4616776786
-44.45	0.7938553154	0.578781648
-44.4	0.5968885051	0.3226646392
-44.35	0.7763393407	0.5229498103
-44.3	0.4852785191	0.1848883392
-44.25	0.6258820918	0.4605066695
-44.2	0.712273378	0.5902409963
-44.15	0.6538257152	0.5882582042
-44.1	0.6844190016	0.6324429508
-44.05	0.7086788823	0.6199149225
-44	0.5652352218	0.4542586449
-43.95	0.6447489401	0.6515006225
-43.9	0.4942155078	0.4972815129
-43.85	0.5444827397	0.6177663898
-43.8	0.4314043929	0.5446431268
-43.75	0.4381606152	0.5605233753
-43.7	0.5706459177	0.7484049235
-43.65	0.6050399702	0.7329671938
-43.6	0.5059600124	0.5341525398
-43.55	0.6293088188	0.6315284103
-43.5	0.2838765668	0.2295410767
-43.45	0.6359737529	0.6321664387
-43.4	0.4337462358	0.5514670798
-43.35	0.5472570084	0.7446365699
-43.3	0.5311989045	0.7176088771
-43.25	0.3911220462	0.4813519494
-43.2	0.4934154727	0.6533672422
-43.15	0.3218846367	0.5304405696
-43.1	0.3109169649	0.5535094495
-43.05	0.3493139163	0.5507423055
-43	0.4110355035	0.6033886264
-42.95	0.3733409418	0.5391509903
-42.9	0.4063363458	0.3809691991
-42.85	0.4730400533	0.5057262459
-42.8	0.4984859505	0.4777280951
-42.75	0.5885337098	0.5339333879
-42.7	0.5322522961	0.4252059122
-42.65	0.5125354702	0.2883467493
-42.6	0.5830007856	0.3190915977
-42.55	0.6064356038	0.2866574417
-42.5	0.7203742402	0.3800396086
-42.45	0.7116099058	0.3617186259
-42.4	0.5123910132	0.0258868562
-42.35	0.8112950311	0.3943146284
-42.3	0.7018761991	0.2219514092
-42.25	0.803913658	0.3701933669
-42.2	0.8753032981	0.4322000914
-42.15	0.8719777747	0.4192269886
-42.1	0.8671661571	0.4925524366
-42.05	0.847842764	0.5025285419
-42	0.783993675	0.4983881146
-41.95	0.7532812759	0.532335371
-41.9	0.6284611495	0.4050613123
-41.85	0.674034263	0.5348832227
-41.8	0.6506743253	0.4835050615
-41.75	0.7632566426	0.5623753285
-41.7	0.7035646986	0.5280778086
-41.65	0.6672979868	0.5127810641
-41.6	0.5809269893	0.2959947982
-41.55	0.6897231303	0.3068512777
-41.5	0.7284177235	0.2712761854
-41.45	0.8922751313	0.4447387768
-41.4	0.7075337021	0.250838584
-41.35	0.8516074325	0.4685813624
-41.3	0.8424167754	0.5074147615
-41.25	0.9149147897	0.5731646157
-41.2	0.902278425	0.5546180988
-41.15	0.775130325	0.4277325769
-41.1	0.9549638999	0.5708402226
-41.05	0.9445429547	0.5908381589
-41	0.8839293463	0.5501575187
-40.95	0.9466203625	0.6255081941
-40.9	0.826328332	0.4400674815
-40.85	0.9128349617	0.4927056423
-40.8	0.8876886415	0.4399875542
-40.75	0.9126613931	0.4114385312
-40.7	0.9388962837	0.3734998604
-40.65	0.9397142951	0.3055685257
-40.6	0.937238117	0.3611002553
-40.55	0.9458568581	0.5722104552
-40.5	0.8180156017	0.6626440501
-40.45	0.7302539206	0.7563794549
-40.4	0.4132926007	0.6035866013
-40.35	0.3875444805	0.7664402713
-40.3	0.2060964201	0.6634719611
-40.25	0.3133769063	0.6305826164
-40.2	0.6462552838	1.000142539
-40.15	0.692286109	1.0740267649
-40.1	0.5819184284	1.0141024368
-40.05	0.8727630361	1.1268997811
-40	0.9731059626	1.196173854
-39.95	0.8162795889	0.9581544683
-39.9	0.7815558023	0.9356617447
-39.85	0.8668370573	0.9391237127
-39.8	0.9463607625	0.9371670323
-39.75	0.9101113763	1.0132025693
-39.7	0.904573679	0.9225237851
-39.65	0.9117074902	0.8496520164
-39.6	1.0088829738	0.8394532984
-39.55	0.908379945	0.6207731295
-39.5	1.0318091151	0.6929979437
-39.45	1.0155654424	0.6347627142
-39.4	1.0879468559	0.7372843925
-39.35	1.1166633094	0.6985223965
-39.3	1.1493945971	0.6574182096
-39.25	1.1523853156	0.6346007755
-39.2	1.2156684222	0.7138599263
-39.15	1.0556172064	0.5334083173
-39.1	0.9662686827	0.4630873246
-39.05	0.9974011455	0.4442984869
-39	1.2887905252	0.7659846895
-38.95	1.2202300901	0.7811968077
-38.9	1.2724834343	0.8005056972
-38.85	1.2754839727	0.6829645159
-38.8	1.1743628993	0.5531486627
-38.75	1.2337802158	0.6412650144
-38.7	1.220187338	0.5404644528
-38.65	1.0816864066	0.3094801592
-38.6	1.122150039	0.4232811903
-38.55	1.1517940266	0.5219978936
-38.5	1.1075284171	0.5053991613
-38.45	1.1116336133	0.5969543298
-38.4	1.1570165994	0.6164248876
-38.35	1.1209370224	0.512326443
-38.3	1.1949237364	0.5383639874
-38.25	1.1682742804	0.4849477363
-38.2	1.2394480828	0.6661993914
-38.15	1.2792250928	0.6929858987
-38.1	1.2701962454	0.6812500895
-38.05	1.3934032197	0.7531153197
-38	1.3707789077	0.577174803
-37.95	1.3926761301	0.5502141888
-37.9	1.3771092921	0.5240722263
-37.85	1.4208072063	0.5842721097
-37.8	1.3692577655	0.5835196572
-37.75	1.2725908873	0.5153300992
-37.7	1.286924521	0.6221605208
-37.65	1.1576083947	0.5992580344
-37.6	1.223280003	0.9040462011
-37.55	1.183136765	1.0159394502
-37.5	1.1183418377	0.9227889418
-37.45	1.1331081323	0.9654955282
-37.4	1.157295902	0.9629823359
-37.35	1.131452751	1.0294154722
-37.3	0.9658023131	0.7913402676
-37.25	1.065985865	0.8999529533
-37.2	1.0248496252	0.8311935667
-37.15	0.9341005849	0.7449657832
-37.1	1.0027633452	0.8574941572
-37.05	1.0239013621	1.0925440494
-37	0.9668767622	1.1018822915
-36.95	0.9558620443	1.2102692327
-36.9	0.7042864038	0.8249514972
-36.85	0.8729403635	1.0375566575
-36.8	0.9362339537	1.1227622348
-36.75	0.9252740914	1.1351339321
-36.7	0.9222999475	1.0452487154
-36.65	1.2732313502	1.3540993679
-36.6	1.140415365	1.3070318102
-36.55	1.350659795	1.5095437242
-36.5	1.2305044722	1.2798501923
-36.45	1.3624945048	1.3961651981
-36.4	1.3526308991	1.4584573845
-36.35	1.0710806313	1.0797572832
-36.3	1.1585436825	1.0590290677
-36.25	1.1474425636	1.0129438267
-36.2	1.3541520993	1.1475605864
-36.15	1.1594066694	0.7794748797
-36.1	1.3376052302	0.8786042303
-36.05	1.3844565939	0.8666989079
-36	1.4756810685	0.9998255622
-35.95	1.248838877	0.7649855068
-35.9	1.1862908799	0.720803013
-35.85	1.1633501041	0.7839161823
-35.8	0.9853120429	0.6327829227
-35.75	1.081714033	0.6471472404
-35.7	1.3162336808	0.8001660736
-35.65	1.352115947	0.9296601222
-35.6	1.457480048	1.0178971358
-35.55	1.457480048	1.0178971358
-35.5	1.457480048	1.0178971358
-35.45	1.4994262208	0.797313722
-35.4	1.489042064	0.6654081357
-35.35	1.5369663003	0.7500266819
-35.3	1.4774353682	0.7049599754
-35.25	1.5113829566	0.7904300381
-35.2	1.4807611918	0.764353171
-35.15	1.5304967651	0.7962181975
-35.1	1.4870338962	0.7196729216
-35.05	1.491771589	0.7344981617
-35	1.4000763664	0.6222122718
-34.95	1.4767605485	0.744977142
-34.9	1.2722835485	0.5214694884
-34.85	1.378570359	0.6579243065
-34.8	1.499166136	0.8009838557
-34.75	1.384902512	0.7196674326
-34.7	1.4106791404	0.7935809144
-34.65	1.3742499916	0.7985296387
-34.6	1.3552792265	0.7282901813
-34.55	1.4547678391	0.8155975654
-34.5	1.5218722007	0.8306098816
-34.45	1.3375073606	0.6235119108
-34.4	1.2202062159	0.5707769046
-34.35	1.402496616	0.7645642355
-34.3	1.3516381541	0.5171032505
-34.25	1.3137386209	0.3397122803
-34.2	1.3880545692	0.3266115594
-34.15	1.4054359928	0.4018467552
-34.1	1.4321518066	0.4683778904
-34.05	1.5040629479	0.629688843
-34	1.7460830177	1.0240770942
-33.95	1.7635008227	0.9632372232
-33.9	1.7717080029	0.9702655546
-33.85	1.9342394573	1.1277857981
-33.8	1.7164500018	0.9453192089
-33.75	1.8712933309	1.0914135078
-33.7	2.3038845873	1.1342869633
-33.65	2.5134587801	1.557790705
-33.6	2.494636755	1.5941358808
-33.55	2.5762896308	1.5598478059
-33.5	2.5110472598	1.4161870903
-33.45	2.3275516482	1.361914937
-33.4	2.3675109833	1.3287362121
-33.35	2.4395511087	1.313331965
-33.3	2.3737611737	1.3416425052
-33.25	2.3714122388	1.3337061897
-33.2	2.1298282741	1.0771174656
-33.15	2.259030932	1.1151612192
-33.1	2.1756195947	0.9232666612
-33.05	2.1880061666	1.0074294951
-33	2.1321706784	0.9623360384
-32.95	2.2697288203	1.0551292669
-32.9	2.2336711939	0.9339750351
-32.85	2.4352520677	1.0699283865
-32.8	2.4328559933	1.0310396797
-32.75	2.3663716884	0.9937970653
-32.7	2.2843965749	0.987843082
-32.65	2.2837019618	1.07714104
-32.6	2.2583987964	0.8297766082
-32.55	2.2386054884	0.7725860007
-32.5	2.3406447163	0.8992533338
-32.45	2.2734861872	0.9119546903
-32.4	2.3846842591	0.880276712
-32.35	2.3574643699	0.8409735844
-32.3	2.0363873669	0.6653798477
-32.25	2.2850874504	0.8063063829
-32.2	1.8745995449	0.4735964335
-32.15	2.0142169911	0.7594273167
-32.1	1.9355301829	0.7349677441
-32.05	2.1507907316	0.835130105
-32	2.0995479372	0.9325639166
-31.95	2.0480035363	0.744139808
-31.9	2.0757305278	0.7148244773
-31.85	1.9935290792	0.7180606181
-31.8	2.2168636728	0.6396307847
-31.75	2.185383047	0.8048322487
-31.7	2.1095897047	0.6766296295
-31.65	2.1741951636	0.7828384264
-31.6	2.1456808044	0.9420123108
-31.55	2.1953019188	0.8347457945
-31.5	2.1608155619	0.9222627494
-31.45	1.9070453805	0.6505163372
-31.4	2.2494043733	0.6910836669
-31.35	2.0226366916	0.5216327071
-31.3	2.2884247764	0.6861070264
-31.25	2.339040802	0.9955913465
-31.2	2.3400689088	1.0465668883
-31.15	2.1899056673	1.0443557987
-31.1	2.2351956763	0.7837581201
-31.05	2.0646392908	0.8581357802
-31	2.2536939974	0.9669199117
-30.95	2.287513544	0.8298605818
-30.9	2.4640167989	1.0024284868
-30.85	2.2186903783	0.7860732724
-30.8	2.3505254219	0.8318550873
-30.75	2.2729567625	0.7752799749
-30.7	2.217927356	0.807431368
-30.65	2.0868167535	0.491614354
-30.6	2.4110550186	0.7072657583
-30.55	2.2807112371	0.5715499429
-30.5	2.3475215989	0.7761959048
-30.45	2.2549312025	0.5888656517
-30.4	2.452646483	0.6726242511
-30.35	2.2991685391	0.5860135129
-30.3	2.185535848	0.5189981399
-30.25	2.4022822703	0.5214833883
-30.2	2.4582693665	0.658991596
-30.15	2.3458876774	0.6442666736
-30.1	2.3465376423	0.5219492455
-30.05	2.3360705996	0.6592788082
-30	2.2311635671	0.4497829471
-29.95	2.088614283	0.321604409
-29.9	2.2273207714	0.4328896989
-29.85	1.9286240849	0.1294169535
-29.8	2.1917803594	0.2678999929
-29.75	2.1705936586	0.3153988039
-29.7	2.1923867916	0.4578708488
-29.65	2.3315460735	0.6180521151
-29.6	2.2699497944	0.4268048257
-29.55	2.3132718377	0.3763397518
-29.5	2.3765182228	0.5437785103
-29.45	1.9480045026	0.2009537214
-29.4	1.9994229861	0.234897465
-29.35	2.2261035496	0.165487103
-29.3	2.4792784965	0.3650534275
-29.25	2.4793900986	0.3516851419
-29.2	2.3249614226	0.3196329888
-29.15	2.5361547864	0.4004748164
-29.1	2.3288570195	0.3366755717
-29.05	2.4370205171	0.3180268101
-29	2.3330431705	0.4606909748
-28.95	2.3677853856	0.4352528996
-28.9	2.4535462308	0.3882129068
-28.85	2.3515434726	0.2909709885
-28.8	2.4244992116	0.2764673801
-28.75	2.2353063184	0.2301473423
-28.7	2.3216808026	0.1239022357
-28.65	2.2999087304	0.1923543393
-28.6	2.2727289247	0.1972408216
-28.55	2.1270360859	-0.0449163819
-28.5	2.2646637339	0.0791748468
-28.45	2.5259570665	0.3094448618
-28.4	2.3359558937	0.3393768078
-28.35	2.3317145069	0.3011501395
-28.3	2.5393542463	0.450418837
-28.25	2.2967775088	0.2016081121
-28.2	2.0722393682	0.167030806
-28.15	2.2836479237	0.3226678052
-28.1	2.1786242732	0.1003787891
-28.05	2.0790737078	0.0774366225
-28	2.363158951	0.2493928514
-27.95	2.5199818431	0.3961574697
-27.9	2.3663195155	0.4300631875
-27.85	2.5247921241	0.2713463762
-27.8	2.606844423	0.5292188517
-27.75	2.2146579401	0.2200564607
-27.7	2.6270039654	0.281076757
-27.65	2.5436445708	0.4102754603
-27.6	2.5018958994	0.4464856995
-27.55	2.3286418627	0.5044490561
-27.5	2.5044743463	0.6359532082
-27.45	2.3235287603	0.3114753101
-27.4	2.5450160219	0.4262806106
-27.35	1.9642298535	0.0207615
-27.3	2.6087416933	0.4357236872
-27.25	2.2375199886	0.1870738434
-27.2	2.3115903923	0.2597131144
-27.15	2.4108374881	0.2908218367
-27.1	2.5762028409	0.5044714717
-27.05	2.5495751755	0.3323561199
-27	2.6229251733	0.4789650933
-26.95	2.3680013665	0.5206959754
-26.9	2.6524862352	0.4976319996
-26.85	2.5484994742	0.5180187664
-26.8	2.5749959113	0.6045414472
-26.75	2.5761882409	0.5467716217
-26.7	2.2915222103	0.4673294162
-26.65	2.4354916679	0.5577377856
-26.6	2.5545450462	0.3822935977
-26.55	2.6599648411	0.5090253024
-26.5	2.3928611289	0.3359763404
-26.45	2.4573872248	0.3419559826
-26.4	2.475089552	0.4801290391
-26.35	2.5000724862	0.6621098778
-26.3	2.3335408769	0.6788692063
-26.25	2.3238489158	0.5673819204
-26.2	2.4962526777	0.4741867327
-26.15	2.2573584161	0.3099648764
-26.1	2.4438059646	0.463045114
-26.05	2.1973277461	0.4177428807
-26	2.3050825502	0.5332839256
-25.95	2.4526524948	0.7051674046
-25.9	2.4368491326	0.6991292737
-25.85	2.3820075486	0.7304266964
-25.8	2.2475459606	0.646394327
-25.75	2.4562955635	0.5887963898
-25.7	2.313294681	0.6135214193
-25.65	2.3935574937	0.6018686375
-25.6	2.4239545197	0.7234749447
-25.55	2.4780314203	0.7670820862
-25.5	2.2809163797	0.5752232693
-25.45	2.1567335371	0.4488842189
-25.4	2.2595295977	0.3592753771
-25.35	2.1855043349	0.2506226719
-25.3	2.2844922772	0.4448012361
-25.25	2.2953227192	0.2973519099
-25.2	2.3048942389	0.4936673547
-25.15	2.1579633986	0.3238994983
-25.1	2.1873652929	0.4270688747
-25.05	2.3094456675	0.5029068101
-25	2.2871427715	0.3358885458
-24.95	2.389181276	0.4734141142
-24.9	2.1378937481	0.2505141176
-24.85	2.1133588646	0.2869930921
-24.8	2.2600300356	0.5435864691
-24.75	2.27145579	0.5173324176
-24.7	2.2215132934	0.6268851462
-24.65	2.2862032349	0.6519260181
-24.6	2.0164297694	0.3556037811
-24.55	2.4151980951	0.6189603355
-24.5	2.2818553937	0.5491592885
-24.45	2.3899720665	0.6564948016
-24.4	2.1973883299	0.6903108102
-24.35	2.2433024653	0.7551736664
-24.3	2.19451853	0.7734308771
-24.25	2.1223598152	0.7118760398
-24.2	2.0947052886	0.4492183108
-24.15	2.0208843745	0.542173879
-24.1	2.0896096396	0.4814184646
-24.05	1.9019784399	0.4157625387
-24	1.9704108991	0.4383206809
-23.95	2.0452849099	0.7227951724
-23.9	2.099151279	0.7007112891
-23.85	2.0405814507	0.791974794
-23.8	1.9942458913	0.4936962762
-23.75	1.7516620367	0.3432595735
-23.7	2.0772440194	0.4379468224
-23.65	2.2413927473	0.6965166443
-23.6	2.3789913815	0.8315703767
-23.55	2.3431041455	0.8263722179
-23.5	2.2363348313	0.9323338103
-23.45	2.10494033	0.8921322076
-23.4	2.1277276444	0.8069054557
-23.35	2.2491016432	0.6558704949
-23.3	2.1665927275	0.5281372486
-23.25	2.2214897881	0.6833084415
-23.2	2.4956754663	1.0096287267
-23.15	2.5590795504	0.9937568714
-23.1	2.6713138396	1.0290868588
-23.05	2.7596148124	1.1595950487
-23	2.2494740372	1.0007969467
-22.95	2.4665840529	1.0962325974
-22.9	2.0876101231	0.9026743442
-22.85	2.4996666383	0.9916330021
-22.8	1.9784449972	0.8668625002
-22.75	2.2909737699	1.004401294
-22.7	2.1479911349	0.9753977045
-22.65	2.2914515845	0.9014503737
-22.6	2.3726367362	0.9777547965
-22.55	2.5493208991	1.1763975449
-22.5	2.2385111922	0.9182514535
-22.45	2.4578843964	1.1417482647
-22.4	2.2340006579	1.0183168406
-22.35	2.5059844099	0.959063588
-22.3	2.4113973899	1.1585074094
-22.25	2.4662466845	1.0676753986
-22.2	2.2412397941	1.0882988455
-22.15	2.3107364394	1.1601105148
-22.1	2.180774156	1.0075901571
-22.05	2.2789255598	0.9896284097
-22	2.1782421367	0.8561842859
-21.95	2.2527208763	1.1165355267
-21.9	2.3342576726	1.1513151088
-21.85	2.0637803267	0.984359004
-21.8	2.200511254	1.004998039
-21.75	1.9219682812	0.6741484386
-21.7	2.0813108863	0.664132639
-21.65	1.9877209324	0.4549623921
-21.6	2.2912463219	0.4464643888
-21.55	2.1828192018	0.3958330895
-21.5	2.3114159214	0.5278242894
-21.45	2.4078359172	0.7036781011
-21.4	2.342099147	0.7129133032
-21.35	2.2419974502	0.5835499354
-21.3	1.8812868513	0.5363463344
-21.25	2.3305107694	0.4204855977
-21.2	2.5558931607	0.5850505923
-21.15	2.2878773156	0.4569655435
-21.1	2.3314143999	0.8378726661
-21.05	2.33400613	0.8171994106
-21	2.4142947454	0.7532163524
-20.95	2.2088338405	0.6104601859
-20.9	2.1396671158	0.5587380669
-20.85	2.1598989344	0.5012561093
-20.8	2.0018804152	0.4521440741
-20.75	2.3825039815	0.6294113878
-20.7	2.2607771863	0.7108454676
-20.65	2.4061298917	0.7632764158
-20.6	2.3822176206	0.7688324517
-20.55	2.3116183057	0.795197652
-20.5	2.2802167599	0.7107347371
-20.45	2.0761452837	0.5515478951
-20.4	2.0276081944	0.4365241063
-20.35	2.1350654013	0.6637613908
-20.3	2.0109259744	0.5385141812
-20.25	2.1480212088	0.5657873394
-20.2	2.3624801312	0.6450803222
-20.15	1.9869612532	0.5204602633
-20.1	2.1465196113	0.7131463344
-20.05	2.0325173623	0.4871460657
-20	2.2659218095	0.4607905745
-19.95	2.3023218777	0.5002464552
-19.9	2.5054902289	0.5929029158
-19.85	2.5185545484	0.7856029755
-19.8	2.6410910547	0.7693264812
-19.75	2.0484355969	0.5109181
-19.7	2.2341171408	0.5408060735
-19.65	2.1498565732	0.417125478
-19.6	2.5101359478	0.7656563785
-19.55	2.0843994294	0.4855886242
-19.5	2.6226653285	0.8587930771
-19.45	2.6678091119	0.8071994586
-19.4	2.6708254669	0.8200945613
-19.35	2.5431438742	0.8698836337
-19.3	2.2489428583	0.7842898897
-19.25	2.249240028	0.6389471701
-19.2	2.2524732068	0.665684683
-19.15	2.2583338519	0.708837124
-19.1	2.3577280588	0.7541362375
-19.05	2.421972935	0.6164755934
-19	2.4288067727	0.7940711605
-18.95	2.367921777	0.6990656813
-18.9	2.3961023203	0.7251442459
-18.85	2.3398914893	0.6174372854
-18.8	2.0508344721	0.4734113033
-18.75	2.1933424701	0.4545282963
-18.7	2.3312443856	0.5267080917
-18.65	2.2235019501	0.5414567311
-18.6	2.3761683904	0.625406045
-18.55	2.3739850989	0.6998305404
-18.5	2.3439467026	0.5945223903
-18.45	2.2942576948	0.4451474642
-18.4	2.4827420306	0.5161672117
-18.35	2.3990952992	0.4767578109
-18.3	2.3412872294	0.6724746949
-18.25	2.079405445	0.4760476625
-18.2	2.2506266743	0.5013643297
-18.15	2.3348431585	0.6175515764
-18.1	2.2850426576	0.5518446009
-18.05	1.9983405689	0.3992114597
-18	2.3839067905	0.5429887935
-17.95	2.2147784545	0.5125211921
-17.9	2.4778850602	0.6341879994
-17.85	2.1617837243	0.7119732521
-17.8	2.0734469892	0.539096515
-17.75	2.1288926239	0.5833205094
-17.7	2.0751756508	0.5001910312
-17.65	2.0281933888	0.2599625054
-17.6	2.2971607802	0.5432650933
-17.55	2.2048597773	0.6770409576
-17.5	2.077307204	0.5535583071
-17.45	2.1237398945	0.6504339262
-17.4	2.0189144936	0.4762198586
-17.35	2.3948458289	0.8149045683
-17.3	1.8236028612	0.5251913745
-17.25	2.3263836183	0.8005175959
-17.2	2.151386441	0.7722244325
-17.15	2.2610081979	0.8697170064
-17.1	1.9399668184	0.6665826154
-17.05	2.231840242	0.8653900371
-17	2.2501069511	0.7749224609
-16.95	2.2844018998	0.9284972171
-16.9	1.7006680238	0.6362556093
-16.85	1.8587131902	0.6714320254
-16.8	1.8717546621	0.7201666416
-16.75	1.7629557454	0.6073602775
-16.7	2.0973845654	0.9357559737
-16.65	1.9195452839	0.9876746365
-16.6	1.9024996698	1.2705065649
-16.55	1.7548269251	1.1258471356
-16.5	1.7268050775	1.1099193111
-16.45	1.5928607092	0.9807808846
-16.4	1.8160069523	1.0596287407
-16.35	1.7193484194	1.0726110019
-16.3	2.0371460645	1.0735082947
-16.25	1.9395555155	1.1662569543
-16.2	1.8178520126	1.1941783537
-16.15	2.0225560137	1.3171962146
-16.1	2.0316737105	1.635598534
-16.05	1.9577081515	1.4705639566
-16	1.483157792	1.0709032682
-15.95	2.2216950324	1.5492205191
-15.9	2.1566735678	1.5396710368
-15.85	2.1473096153	1.5400099792
-15.8	2.0863665698	1.4203477207
-15.75	2.1532081348	1.4899137524
-15.7	1.9772536961	1.359795537
-15.65	2.3114775209	1.3567802706
-15.6	1.5828296941	0.9806816941
-15.55	2.1907016914	1.420157871
-15.5	1.8810276299	1.3974094211
-15.45	2.1533523179	1.6126249317
-15.4	2.2886976567	1.5743561935
-15.35	2.30385069	1.6314658619
-15.3	1.9240928351	1.3829030266
-15.25	2.2757136738	1.4165743088
-15.2	1.6220771606	1.0667596345
-15.15	2.1255455907	1.2919035518
-15.1	1.7806438403	1.0407605294
-15.05	1.8902415804	1.1147097842
-15	2.0962828807	1.3623907432
-14.95	1.8720092143	1.2932065762
-14.9	2.1855966168	1.2990935609
-14.85	2.0579788365	1.293041305
-14.8	2.0816679871	1.1837465925
-14.75	1.8528990634	1.3035907035
-14.7	2.1030814772	1.2782695915
-14.65	2.0778243932	1.4226554312
-14.6	2.0593125001	1.4450937396
-14.55	1.9708132375	1.5371170682
-14.5	1.9563124512	1.296648957
-14.45	2.4542560433	1.4455142983
-14.4	2.3237969754	1.4245689231
-14.35	2.0710298558	1.2872559081
-14.3	2.0605386157	1.2516716632
-14.25	2.2687815429	1.2571608426
-14.2	2.2716983431	1.2135767075
-14.15	2.359721768	1.3013799005
-14.1	2.1794609044	1.3379140601
-14.05	2.4972330858	1.3171714563
-14	2.1115668582	1.1080514
-13.95	2.1751553851	1.0787964077
-13.9	1.8658613851	0.992992551
-13.85	2.4420525942	1.0837237353
-13.8	2.5871385046	1.2476786974
-13.75	2.7857024404	1.608227688
-13.7	2.5962099743	1.5763998879
-13.65	2.8109616074	1.5110120194
-13.6	2.6548859993	1.2018393049
-13.55	2.6003329871	1.0211015343
-13.5	2.5139534385	0.8597292237
-13.45	2.7853593865	1.1466066292
-13.4	2.7385700664	0.9749127701
-13.35	2.8811119302	1.0054706856
-13.3	2.8669933824	0.9604568624
-13.25	2.4992087171	0.7501669249
-13.2	2.6667654477	0.9546762437
-13.15	2.5370579903	0.8155947727
-13.1	2.6693307757	0.7316615039
-13.05	2.6871796614	0.752354322
-13	3.1402849725	0.7683512744
-12.95	2.8793179522	0.6927974816
-12.9	3.089515153	0.7495875219
-12.85	2.962833764	0.6567484195
-12.8	2.9018610022	0.6623072358
-12.75	2.9296996194	0.7228306025
-12.7	2.9961718535	0.7501529446
-12.65	2.9231191393	0.6717714399
-12.6	2.8331048984	0.7026240753
-12.55	3.002741025	0.7926461051
-12.5	2.8897536965	0.7966835483
-12.45	3.0287893389	0.5839171166
-12.4	2.906205595	0.5868081373
-12.35	2.8435032119	0.5984129841
-12.3	3.0202544153	0.4027191609
-12.25	2.9657864118	0.5901550737
-12.2	2.8204707888	0.528169804
-12.15	2.9051084514	0.5715818361
-12.1	2.7432679856	0.1869215526
-12.05	2.7797390841	0.2284491671
-12	2.6611825181	0.343410584
-11.95	2.9834010135	0.6610873537
-11.9	3.1200848905	0.5735381162
-11.85	2.8855620695	0.7015578383
-11.8	2.7286943804	0.6061532784
-11.75	2.9655627729	0.5241594595
-11.7	3.0444567311	0.6836329371
-11.65	2.7735168112	0.5878572839
-11.6	2.8297011882	0.9136606502
-11.55	2.9133600628	0.7916850775
-11.5	2.9825701812	0.7629275927
-11.45	2.8483563417	0.6383679758
-11.4	2.8399514688	0.3217490701
-11.35	2.9813404372	0.5190590697
-11.3	2.9108406254	0.3192469362
-11.25	2.9534750966	0.4548537802
-11.2	3.1438384036	0.4414340458
-11.15	2.994474745	0.4106738423
-11.1	3.0875799566	0.4555476938
-11.05	3.0954341164	0.4268264647
-11	2.9409534188	0.5050411415
-10.95	2.7846635842	0.2023107814
-10.9	2.9811945207	0.3449268865
-10.85	2.9851139055	0.2269421596
-10.8	3.0521096138	0.0356203173
-10.75	2.7291130734	-0.5567611906
-10.7	2.5728942836	0.1473095955
-10.65	2.7599325672	0.3043967572
-10.6	2.8672054768	0.3401458473
-10.55	3.0605909148	0.5232867449
-10.5	2.9418116325	0.5427271887
-10.45	2.7917323002	0.6401205468
-10.4	2.914838343	0.7109074289
-10.35	3.1000216458	0.6340380499
-10.3	2.8859771696	0.7448914323
-10.25	2.8893599421	0.7198552808
-10.2	2.8451497228	0.5300854286
-10.15	2.9928802548	0.6224141908
-10.1	3.0712871839	0.6347544788
-10.05	2.8787749177	0.5887777148
-10	2.8361466226	0.5885829897
-9.95	3.1230760622	0.3494865474
-9.9	3.1731560584	-8.05548e-05
-9.85	3.1315131732	0.2879321576
-9.8	2.94998019	0.4274353531
-9.75	3.0667600014	0.2991323485
-9.7	3.196067393	0.3502945989
-9.65	3.005799637	0.3623766519
-9.6	2.7791363731	0.4044728167
-9.55	3.0866693131	0.4353103448
-9.5	3.22571113	0.297689683
-9.45	3.1591294109	0.2619157747
-9.4	2.9726131134	0.4299258434
-9.35	3.1753701524	0.4102059242
-9.3	3.1742241142	0.4060386484
-9.25	3.1341458232	0.5077096678
-9.2	3.1418353372	0.5883861852
-9.15	3.0504413836	0.6070479394
-9.1	3.0522950643	0.5511893661
-9.05	3.198539778	0.3845320051
-9	3.0998515339	0.4724017639
-8.95	3.1503133982	0.7112708367
-8.9	3.3021914953	0.866523453
-8.85	3.2514805487	0.9234413074
-8.8	3.2725794288	0.7263562442
-8.75	3.0944349333	0.7771421416
-8.7	3.279092763	0.6241935329
-8.65	3.2388520509	0.6697780385
-8.6	3.4512942386	0.9249529071
-8.55	3.1902018129	0.7953457315
-8.5	3.1223252202	0.8494081268
-8.45	3.2264231302	0.5805512363
-8.4	3.2316332504	0.6011921139
-8.35	3.3326391513	0.6399984155
-8.3	3.1975126458	0.6401227181
-8.25	3.2009155169	0.7246780402
-8.2	3.1997976617	0.7083788608
-8.15	3.2066544717	0.5187675909
-8.1	3.1877443247	0.530131501
-8.05	3.2403721246	0.4772201063
-8	3.0469037535	0.2548333628
-7.95	3.2809721394	0.4219264194
-7.9	3.2937576871	0.2163479515
-7.85	3.2468826526	0.3354728186
-7.8	3.0783820992	0.6570639626
-7.75	3.2025054642	0.6821208703
-7.7	3.3332480791	0.7216453121
-7.65	3.0799204259	0.6764984771
-7.6	2.9435451278	0.7933415168
-7.55	3.1611020248	0.6154933338
-7.5	3.0746366356	0.3856660435
-7.45	3.0707831302	0.3564340258
-7.4	2.9668664193	0.4693945094
-7.35	3.1093641607	0.3593927842
-7.3	3.1655281542	0.21313798
-7.25	3.04023715	0.2435526365
-7.2	3.0455096331	0.3801905615
-7.15	2.8910019206	0.3663713771
-7.1	3.1837392289	0.265827022
-7.05	3.0511601217	-0.0263670755
-7	3.0294788276	0.0497629691
-6.95	3.1699111125	-0.1592344689
-6.9	3.1719089683	-0.246286596
-6.85	3.1903727069	-0.3046406064
-6.8	3.2630831279	-0.1064914992
-6.75	3.1512944369	-0.166787617
-6.7	3.1692781534	-0.3979533851
-6.65	3.3045018289	-0.3083187258
-6.6	3.2999516286	-0.1556580674
-6.55	3.2966918742	-0.576074387
-6.5	3.3117622934	-0.2244460646
-6.45	3.2645931107	-0.1104030086
-6.4	3.3161514478	-0.2653728021
-6.35	3.2026018969	-0.1881293833
-6.3	3.1249338154	-0.1757427849
-6.25	3.2528963755	0.059280224
-6.2	3.1482201875	-0.2712034206
-6.15	3.2074221907	-0.034610521
-6.1	3.1210128853	-0.1450394429
-6.05	3.1852158783	-0.0508704386
-6	3.2989656887	-0.4029939155
-5.95	3.225065353	-0.2148889137
-5.9	3.1375334691	-0.4526498323
-5.85	3.2393225292	-0.1101274386
-5.8	3.4114227423	-0.181139435
-5.75	3.6132035418	-0.120308906
-5.7	3.318456427	0.0731067125
-5.65	3.1684904662	0.0985053559
-5.6	3.3168042071	0.0343254149
-5.55	3.461254179	-0.0941928638
-5.5	3.2348427447	0.0515991498
-5.45	3.1159333046	-0.2205023837
-5.4	3.0113093131	-0.0334780715
-5.35	3.1462231257	0.0469647836
-5.3	3.279971434	0.1354658342
-5.25	3.0889812774	-0.0462898363
-5.2	3.1714502819	-0.1125359545
-5.15	3.2059556645	-0.1886634847
-5.1	3.2940245735	-0.2659110246
-5.05	3.1414895504	-0.3584970027
-5	3.1369620964	-0.3375224962
-4.95	3.1766735978	-0.3221073492
-4.9	3.4917566527	-0.0793296542
-4.85	3.4116453344	-0.0158710976
-4.8	3.2917790511	-0.0927277333
-4.75	3.1880839867	-0.1737507967
-4.7	3.2626225472	-0.1707687207
-4.65	3.3276422486	-0.2301654082
-4.6	3.2359385503	-0.2097073792
-4.55	3.215686745	-0.0668133817
-4.5	3.2632857826	-0.0423434028
-4.45	3.2693428191	-0.085903335
-4.4	3.198366851	-0.069616145
-4.35	3.1119738101	-0.1457155693
-4.3	3.1920631859	-0.1365964092
-4.25	3.3304187456	-0.1615966112
-4.2	3.176114393	-0.3778472378
-4.15	3.2006497229	-0.2038465602
-4.1	3.313027429	-0.1517448035
-4.05	3.3283228517	-0.1178418184
-4	3.2665735691	-0.1439224748
-3.95	3.1856842336	-0.3256050617
-3.9	3.210967135	-0.1542320009
-3.85	3.3950377903	-0.1679563554
-3.8	3.2544080407	-0.1189536245
-3.75	3.3332321257	-0.1149737563
-3.7	3.2287928795	-0.2589625341
-3.65	3.3050505415	-0.1984965154
-3.6	3.0873874416	-0.0484157557
-3.55	3.3086312492	-0.1468779225
-3.5	3.17804042	-0.1023332442
-3.45	3.2839716811	-0.3477922683
-3.4	3.2980348323	-0.2749726597
-3.35	3.4861608558	-0.2936467821
-3.3	4.0690243002	-0.5435566301
-3.25	3.3388213029	-0.1085542039
-3.2	3.1966734491	0.1041272655
-3.15	3.3098886567	-0.4277194811
-3.1	3.4191494805	-0.3361484332
-3.05	3.712273052	-0.4641350668
-3	3.6926214305	-0.4081371735
-2.95	3.2259792244	-0.2900974837
-2.9	3.5189496559	-0.4331018575
-2.85	3.7431683428	-0.3945013462
-2.8	3.7817711948	-0.5192703723
-2.75	3.4077899519	-0.2464838302
-2.7	3.9518612047	-0.6493450354
-2.65	4.1771322122	-0.693140922
-2.6	3.9598929162	-0.7258222879
-2.55	3.6275254895	-0.3629661479
-2.5	3.8351602211	-0.5220974292
-2.45	3.7733485241	-0.3980159059
-2.4	3.6003157839	-0.3176826737
-2.35	3.4620320235	-0.3683077397
-2.3	3.4297061455	-0.3842844426
-2.25	3.7956655322	-0.5396217057
-2.2	4.116495156	-0.6532386168
-2.15	4.4024523201	-0.9070900583
-2.1	3.5864483684	-0.2752998531
-2.05	3.7798254014	-0.2340299852
-2	4.0972046498	-0.4134817501
-1.95	4.3073479317	-0.8329905498
-1.9	4.0637839845	-0.5270471003
-1.85	4.043715699	-0.346905016
-1.8	4.0571152584	-0.6723027539
-1.75	4.2690350631	-0.622286985
-1.7	4.0490786481	-0.6714853508
-1.65	4.1582908492	-0.3138702466
-1.6	4.064581682	-0.2181006355
-1.55	4.0060406987	-0.3407248023
-1.5	3.5952896361	-0.1249922667
-1.45	3.6881930759	-0.503283615
-1.4	3.7338567862	-0.0486195645
-1.35	3.9476527079	-0.335910903
-1.3	4.2755917724	-0.7362834346
-1.25	4.5029085791	-1.1577736371
-1.2	4.7266332766	-0.8272490045
-1.15	4.2134266437	-0.6173525953
-1.1	4.5056265013	-0.6803499185
-1.05	4.5779100341	-0.6767911071
-1	4.055827495	-0.2189921339
-0.95	3.8969465544	-0.4756140801
-0.9	4.6005197909	-0.7309531802
-0.85	3.9046207087	-0.5207981733
-0.8	4.9878266211	-1.2320814007
-0.75	4.7894632753	-1.1550426731
-0.7	3.987148266	-0.3312391888
-0.65	5.0185266743	-1.0177339182
-0.6	4.3237721241	-0.3057634157
-0.55	4.5114697031	-0.4519119158
-0.5	4.3130722901	-0.0759883716
-0.45	4.7039465607	-0.588687667
-0.4	4.0739581284	-0.276911928
-0.35	4.7816925683	-0.9728511005
-0.3	4.6396865781	-0.7055090403
-0.25	4.6190699272	-0.7460375706
-0.2	3.9346541335	-0.3601290134
-0.15	4.9896217299	-1.042646718
-0.1	4.268210238	-0.2754827814
-0.05	4.7135570876	-0.4257867478
0	3.6405242636	-0.1011170158
